# dynamixel ids: 47 37 46 36 44 34 45 35 33 43 31 41 1 2 3 4 21 22 5 6 19 20 
7 0 1920 0 108 0 1400 0 0 2028 2007 195 1509 2111 2027 2246 1966 2436 1939 1082 2935 1991 2144
838 0 1920 0 156 0 1400 0 0 2028 2007 195 1509 2111 2027 2246 1966 2436 1939 1082 2935 1991 2144
896 0 1880 0 206 0 1400 0 0 2028 2007 195 1509 2111 2027 2246 1966 2436 1939 1082 2935 1991 2144
989 0 1880 0 285 0 1400 0 0 2028 2007 195 1509 2111 2027 2246 1966 2436 1939 1082 2935 1991 2144
1092 0 1880 0 365 0 1400 0 0 2028 2007 195 1509 2111 2027 2246 1966 2436 1939 1082 2935 1991 2144
1364 0 1840 0 425 0 1448 0 48 2028 2007 195 1509 2111 2027 2246 1966 2436 1939 1082 2935 1991 2144
1421 0 1840 0 521 0 1544 0 144 2028 2007 195 1509 2111 2027 2246 1966 2436 1939 1082 2935 1991 2144
1477 0 1840 0 617 0 1640 0 240 2028 2007 195 1509 2111 2027 2246 1966 2436 1939 1082 2935 1991 2144
1527 0 1840 0 713 0 1680 0 336 2028 2007 195 1509 2111 2027 2246 1966 2436 1939 1082 2935 1991 2144
1571 0 1840 0 809 0 1680 0 432 2028 2007 195 1509 2111 2027 2246 1966 2436 1939 1082 2935 1991 2144
1615 0 1840 0 905 0 1680 0 528 2028 2007 195 1509 2111 2027 2246 1966 2436 1939 1082 2935 1991 2144
1665 0 1840 0 1001 0 1728 0 624 2028 2007 195 1509 2111 2027 2246 1966 2436 1939 1082 2935 1991 2144
1715 0 1840 0 1025 0 1824 0 720 2028 2007 195 1509 2111 2027 2246 1966 2436 1939 1082 2935 1991 2144
1759 0 1840 0 1025 0 1901 0 816 2028 2007 195 1509 2111 2027 2246 1966 2436 1939 1082 2935 1991 2144
1808 0 1840 0 1025 0 1997 0 912 2028 2007 195 1509 2111 2027 2246 1966 2436 1939 1082 2935 1991 2144
1851 0 1840 0 1025 0 2093 0 1008 2028 2007 195 1509 2111 2027 2246 1966 2436 1939 1082 2935 1991 2144
1901 0 1840 0 1073 0 2189 0 1104 2028 2007 195 1509 2111 2027 2246 1966 2436 1939 1082 2935 1991 2144
1945 0 1840 0 1095 0 2200 0 1200 2028 2007 195 1509 2111 2027 2246 1966 2436 1939 1082 2935 1991 2144
2005 0 1840 0 1143 0 2152 0 1344 2028 2007 195 1509 2111 2027 2246 1966 2436 1939 1082 2935 1991 2144
2055 0 1840 0 1239 0 2147 0 1440 2028 2007 195 1509 2111 2027 2246 1966 2436 1939 1082 2935 1991 2144
2099 0 1840 0 1335 0 2147 0 1536 2028 2007 195 1509 2111 2027 2246 1966 2436 1939 1082 2935 1991 2144
2159 0 1840 0 1344 0 2099 0 1680 2028 2007 195 1509 2111 2027 2246 1966 2436 1939 1082 2935 1991 2144
2213 0 1840 0 1344 0 2080 0 1824 2028 2007 195 1509 2111 2027 2246 1966 2436 1939 1082 2935 1991 2144
2261 0 1840 0 1344 0 2080 0 1968 2028 2007 195 1509 2111 2027 2246 1966 2436 1939 1082 2935 1991 2144
2305 0 1840 0 1384 0 2032 0 2064 2028 2007 195 1509 2111 2027 2246 1966 2436 1939 1082 2935 1991 2144
2359 0 1840 0 1384 0 2000 0 2208 2028 2007 195 1509 2111 2027 2246 1966 2436 1939 1082 2935 1991 2144
2407 0 1840 0 1384 0 2000 0 2352 2028 2007 195 1509 2111 2027 2246 1966 2436 1939 1082 2935 1991 2144
2455 0 1840 0 1384 0 2000 0 2496 2028 2007 195 1509 2111 2027 2246 1966 2436 1939 1082 2935 1991 2144
2503 0 1840 0 1384 0 2000 0 2640 2028 2007 195 1509 2111 2027 2246 1966 2436 1939 1082 2935 1991 2144
2551 0 1840 0 1384 0 2000 0 2784 2028 2007 195 1509 2111 2027 2246 1966 2436 1939 1082 2935 1991 2144
2605 0 1840 0 1384 0 1952 0 2928 2028 2007 195 1509 2111 2027 2246 1966 2436 1939 1082 2935 1991 2144
3243 0 1840 0 1384 0 1899 0 3000 2028 2007 195 1509 2111 2027 2246 1966 2436 1939 1082 2935 1991 2144
3749 0 1840 0 1384 0 1845 0 3000 2028 2007 195 1509 2111 2027 2246 1966 2436 1939 1082 2935 1991 2144
