# dynamixel ids: 47 37 46 36 44 34 45 35 33 43 31 41 1 2 3 4 21 22 5 6 19 20 
412 0 1800 0 1384 0 1685 0 3000 2028 2007 195 1509 2111 2027 2246 1966 2436 1939 1082 2935 1991 2144
606 0 1800 0 1384 0 1632 0 3000 2028 2007 195 1509 2111 2027 2246 1966 2436 1939 1082 2935 1991 2144
906 0 1800 0 1384 0 1499 0 3000 2028 2007 195 1509 2111 2027 2246 1966 2436 1939 1082 2935 1991 2144
1110 0 1800 0 1336 0 1480 0 3000 2028 2007 195 1509 2111 2027 2246 1966 2436 1939 1082 2935 1991 2144
1218 0 1800 0 1286 0 1480 0 2952 2028 2007 195 1509 2111 2027 2246 1966 2436 1939 1082 2935 1991 2144
1263 0 1800 0 1217 0 1480 0 2856 2028 2007 195 1509 2111 2027 2246 1966 2436 1939 1082 2935 1991 2144
1306 0 1800 0 1165 0 1480 0 2760 2028 2007 195 1509 2111 2027 2246 1966 2436 1939 1082 2935 1991 2144
1360 0 1800 0 1117 0 1480 0 2616 2028 2007 195 1509 2111 2027 2246 1966 2436 1939 1082 2935 1991 2144
1405 0 1800 0 1021 0 1480 0 2520 2028 2007 195 1509 2111 2027 2246 1966 2436 1939 1082 2935 1991 2144
1449 0 1800 0 955 0 1480 0 2424 2028 2007 195 1509 2111 2027 2246 1966 2436 1939 1082 2935 1991 2144
1493 0 1800 0 859 0 1480 0 2328 2028 2007 195 1509 2111 2027 2246 1966 2436 1939 1082 2935 1991 2144
1549 0 1800 0 763 0 1533 0 2232 2028 2007 195 1509 2111 2027 2246 1966 2436 1939 1082 2935 1991 2144
1593 0 1800 0 667 0 1533 0 2136 2028 2007 195 1509 2111 2027 2246 1966 2436 1939 1082 2935 1991 2144
1637 0 1800 0 571 0 1533 0 2040 2028 2007 195 1509 2111 2027 2246 1966 2436 1939 1082 2935 1991 2144
1681 0 1800 0 507 0 1533 0 1944 2028 2007 195 1509 2111 2027 2246 1966 2436 1939 1082 2935 1991 2144
1741 0 1800 0 411 0 1533 0 1800 2028 2007 195 1509 2111 2027 2246 1966 2436 1939 1082 2935 1991 2144
1795 0 1800 0 387 0 1533 0 1656 2028 2007 195 1509 2111 2027 2246 1966 2436 1939 1082 2935 1991 2144
1843 0 1800 0 387 0 1533 0 1512 2028 2007 195 1509 2111 2027 2246 1966 2436 1939 1082 2935 1991 2144
1899 0 1800 0 291 0 1437 0 1416 2028 2007 195 1509 2111 2027 2246 1966 2436 1939 1082 2935 1991 2144
1949 0 1800 0 287 0 1341 0 1320 2028 2007 195 1509 2111 2027 2246 1966 2436 1939 1082 2935 1991 2144
1993 0 1800 0 287 0 1245 0 1224 2028 2007 195 1509 2111 2027 2246 1966 2436 1939 1082 2935 1991 2144
2037 0 1800 0 287 0 1149 0 1128 2028 2007 195 1509 2111 2027 2246 1966 2436 1939 1082 2935 1991 2144
2081 0 1800 0 287 0 1053 0 1032 2028 2007 195 1509 2111 2027 2246 1966 2436 1939 1082 2935 1991 2144
2125 0 1800 0 239 0 1005 0 936 2028 2007 195 1509 2111 2027 2246 1966 2436 1939 1082 2935 1991 2144
2169 0 1800 0 217 0 987 0 840 2028 2007 195 1509 2111 2027 2246 1966 2436 1939 1082 2935 1991 2144
2223 0 1800 0 217 0 939 0 696 2028 2007 195 1509 2111 2027 2246 1966 2436 1939 1082 2935 1991 2144
2277 0 1800 0 217 0 933 0 552 2028 2007 195 1509 2111 2027 2246 1966 2436 1939 1082 2935 1991 2144
2325 0 1800 0 217 0 933 0 408 2028 2007 195 1509 2111 2027 2246 1966 2436 1939 1082 2935 1991 2144
2378 0 1800 0 178 0 933 0 264 2028 2007 195 1509 2111 2027 2246 1966 2436 1939 1082 2935 1991 2144
2426 0 1800 0 178 0 933 0 120 2028 2007 195 1509 2111 2027 2246 1966 2436 1939 1082 2935 1991 2144
2474 0 1800 0 178 0 933 0 0 2028 2007 195 1509 2111 2027 2246 1966 2436 1939 1082 2935 1991 2144
2561 0 1800 0 138 0 933 0 0 2028 2007 195 1509 2111 2027 2246 1966 2436 1939 1082 2935 1991 2144
2708 0 1800 0 138 0 981 0 0 2028 2007 195 1509 2111 2027 2246 1966 2436 1939 1082 2935 1991 2144
3113 0 1800 0 138 0 1035 0 0 2028 2007 195 1509 2111 2027 2246 1966 2436 1939 1082 2935 1991 2144
3317 0 1800 0 138 0 1019 0 0 2028 2007 195 1509 2111 2027 2246 1966 2436 1939 1082 2935 1991 2144
3616 0 1800 0 98 0 1000 0 48 2028 2007 195 1509 2111 2027 2246 1966 2436 1939 1082 2935 1991 2144
3664 0 1800 0 98 0 1000 0 192 2028 2007 195 1509 2111 2027 2246 1966 2436 1939 1082 2935 1991 2144
3863 0 1800 0 98 0 1000 0 202 2028 2007 195 1509 2111 2027 2246 1966 2436 1939 1082 2935 1991 2144
3911 0 1800 0 98 0 1000 0 58 2028 2007 195 1509 2111 2027 2246 1966 2436 1939 1082 2935 1991 2144
3959 0 1800 0 98 0 1048 0 0 2028 2007 195 1509 2111 2027 2246 1966 2436 1939 1082 2935 1991 2144
4007 0 1800 0 98 0 1192 0 0 2028 2007 195 1509 2111 2027 2246 1966 2436 1939 1082 2935 1991 2144
4060 0 1800 0 98 0 1261 0 0 2028 2007 195 1509 2111 2027 2246 1966 2436 1939 1082 2935 1991 2144
