# dynamixel ids: 47 37 46 36 44 34 45 35 33 43 31 41 1 2 3 4 21 22 5 6 19 20 
1370 0 2661 0 168 0 635 0 0 375 1984 1858 1222 2250 2016 2360 1960 2650 1970 1279 2923 1989 2143
1418 0 2661 0 168 0 779 0 0 375 1984 1858 1222 2250 2016 2360 1960 2650 1970 1279 2923 1989 2143
1466 0 2661 0 168 0 923 0 0 375 1984 1858 1222 2250 2016 2360 1960 2650 1970 1279 2923 1989 2143
1514 0 2661 0 168 0 1067 0 0 375 1984 1858 1222 2250 2016 2360 1960 2650 1970 1279 2923 1989 2143
1562 0 2661 0 168 0 1211 0 0 375 1984 1858 1222 2250 2016 2360 1960 2650 1970 1279 2923 1989 2143
1610 0 2661 0 168 0 1355 0 0 375 1984 1858 1222 2250 2016 2360 1960 2650 1970 1279 2923 1989 2143
1658 0 2661 0 168 0 1499 0 0 375 1984 1858 1222 2250 2016 2360 1960 2650 1970 1279 2923 1989 2143
1706 0 2661 0 168 0 1643 0 0 375 1984 1858 1222 2250 2016 2360 1960 2650 1970 1279 2923 1989 2143
1754 0 2661 0 168 0 1787 0 0 375 1984 1858 1222 2250 2016 2360 1960 2650 1970 1279 2923 1989 2143
1802 0 2661 0 168 0 1931 0 0 375 1984 1858 1222 2250 2016 2360 1960 2650 1970 1279 2923 1989 2143
1850 0 2661 0 168 0 2075 0 0 375 1984 1858 1222 2250 2016 2360 1960 2650 1970 1279 2923 1989 2143
1898 0 2661 0 168 0 2219 0 0 375 1984 1858 1222 2250 2016 2360 1960 2650 1970 1279 2923 1989 2143
1946 0 2661 0 168 0 2363 0 0 375 1984 1858 1222 2250 2016 2360 1960 2650 1970 1279 2923 1989 2143
1994 0 2661 0 168 0 2507 0 0 375 1984 1858 1222 2250 2016 2360 1960 2650 1970 1279 2923 1989 2143
2042 0 2661 0 168 0 2651 0 0 375 1984 1858 1222 2250 2016 2360 1960 2650 1970 1279 2923 1989 2143
2091 0 2661 0 168 0 2795 0 0 375 1984 1858 1222 2250 2016 2360 1960 2650 1970 1279 2923 1989 2143
2139 0 2661 0 168 0 2939 0 0 375 1984 1858 1222 2250 2016 2360 1960 2650 1970 1279 2923 1989 2143
2187 0 2661 0 168 0 3083 0 0 375 1984 1858 1222 2250 2016 2360 1960 2650 1970 1279 2923 1989 2143
2235 0 2661 0 168 0 3227 0 0 375 1984 1858 1222 2250 2016 2360 1960 2650 1970 1279 2923 1989 2143
2295 0 2661 0 217 0 3371 0 0 375 1984 1858 1222 2250 2016 2360 1960 2650 1970 1279 2923 1989 2143
2343 0 2661 0 217 0 3515 0 0 375 1984 1858 1222 2250 2016 2360 1960 2650 1970 1279 2923 1989 2143
2391 0 2661 0 313 0 3520 0 0 375 1984 1858 1222 2250 2016 2360 1960 2650 1970 1279 2923 1989 2143
2473 0 2661 0 365 0 3520 0 0 375 1984 1858 1222 2250 2016 2360 1960 2650 1970 1279 2923 1989 2143
2527 0 2661 0 509 0 3520 0 0 375 1984 1858 1222 2250 2016 2360 1960 2650 1970 1279 2923 1989 2143
2575 0 2661 0 653 0 3520 0 0 375 1984 1858 1222 2250 2016 2360 1960 2650 1970 1279 2923 1989 2143
2635 0 2661 0 794 0 3472 0 48 375 1984 1858 1222 2250 2016 2360 1960 2650 1970 1279 2923 1989 2143
2685 0 2661 0 846 0 3467 0 144 375 1984 1858 1222 2250 2016 2360 1960 2650 1970 1279 2923 1989 2143
2745 0 2661 0 942 0 3467 0 288 375 1984 1858 1222 2250 2016 2360 1960 2650 1970 1279 2923 1989 2143
2795 0 2661 0 1003 0 3467 0 384 375 1984 1858 1222 2250 2016 2360 1960 2650 1970 1279 2923 1989 2143
2849 0 2661 0 1045 0 3467 0 528 375 1984 1858 1222 2250 2016 2360 1960 2650 1970 1279 2923 1989 2143
2909 0 2661 0 1125 0 3467 0 672 375 1984 1858 1222 2250 2016 2360 1960 2650 1970 1279 2923 1989 2143
2957 0 2661 0 1125 0 3467 0 816 375 1984 1858 1222 2250 2016 2360 1960 2650 1970 1279 2923 1989 2143
3001 0 2661 0 1221 0 3467 0 912 375 1984 1858 1222 2250 2016 2360 1960 2650 1970 1279 2923 1989 2143
3045 0 2661 0 1317 0 3467 0 1008 375 1984 1858 1222 2250 2016 2360 1960 2650 1970 1279 2923 1989 2143
3099 0 2661 0 1324 0 3467 0 1152 375 1984 1858 1222 2250 2016 2360 1960 2650 1970 1279 2923 1989 2143
3147 0 2661 0 1324 0 3467 0 1296 375 1984 1858 1222 2250 2016 2360 1960 2650 1970 1279 2923 1989 2143
3195 0 2661 0 1324 0 3467 0 1440 375 1984 1858 1222 2250 2016 2360 1960 2650 1970 1279 2923 1989 2143
3256 0 2661 0 1420 0 3467 0 1584 375 1984 1858 1222 2250 2016 2360 1960 2650 1970 1279 2923 1989 2143
3300 0 2661 0 1504 0 3467 0 1680 375 1984 1858 1222 2250 2016 2360 1960 2650 1970 1279 2923 1989 2143
3348 0 2661 0 1504 0 3467 0 1824 375 1984 1858 1222 2250 2016 2360 1960 2650 1970 1279 2923 1989 2143
3396 0 2661 0 1504 0 3467 0 1968 375 1984 1858 1222 2250 2016 2360 1960 2650 1970 1279 2923 1989 2143
3455 0 2661 0 1504 0 3413 0 2112 375 1984 1858 1222 2250 2016 2360 1960 2650 1970 1279 2923 1989 2143
3503 0 2661 0 1504 0 3413 0 2256 375 1984 1858 1222 2250 2016 2360 1960 2650 1970 1279 2923 1989 2143
3551 0 2661 0 1504 0 3413 0 2400 375 1984 1858 1222 2250 2016 2360 1960 2650 1970 1279 2923 1989 2143
3599 0 2661 0 1504 0 3413 0 2544 375 1984 1858 1222 2250 2016 2360 1960 2650 1970 1279 2923 1989 2143
3653 0 2661 0 1464 0 3413 0 2688 375 1984 1858 1222 2250 2016 2360 1960 2650 1970 1279 2923 1989 2143
3701 0 2661 0 1464 0 3413 0 2832 375 1984 1858 1222 2250 2016 2360 1960 2650 1970 1279 2923 1989 2143
3761 0 2661 0 1464 0 3320 0 2976 375 1984 1858 1222 2250 2016 2360 1960 2650 1970 1279 2923 1989 2143
3824 0 2661 0 1464 0 3368 0 3000 375 1984 1858 1222 2250 2016 2360 1960 2650 1970 1279 2923 1989 2143
3977 0 2661 0 1416 0 3387 0 3000 375 1984 1858 1222 2250 2016 2360 1960 2650 1970 1279 2923 1989 2143
4473 0 2613 0 1414 0 3387 0 3000 375 1984 1858 1222 2250 2016 2360 1960 2650 1970 1279 2923 1989 2143
4732 0 2609 0 1366 0 3387 0 2952 375 1984 1858 1222 2250 2016 2360 1960 2650 1970 1279 2923 1989 2143
4786 0 2609 0 1364 0 3387 0 2808 375 1984 1858 1222 2250 2016 2360 1960 2650 1970 1279 2923 1989 2143
4840 0 2609 0 1316 0 3339 0 2752 375 1984 1858 1222 2250 2016 2360 1960 2650 1970 1279 2923 1989 2143
4884 0 2609 0 1315 0 3333 0 2656 375 1984 1858 1222 2250 2016 2360 1960 2650 1970 1279 2923 1989 2143
4938 0 2609 0 1267 0 3333 0 2512 375 1984 1858 1222 2250 2016 2360 1960 2650 1970 1279 2923 1989 2143
4982 0 2609 0 1171 0 3333 0 2416 375 1984 1858 1222 2250 2016 2360 1960 2650 1970 1279 2923 1989 2143
