# dynamixel ids: 47 37 46 36 44 34 45 35 33 43 31 41 1 2 3 4 21 22 5 6 19 20 
1925 0 2609 0 1155 0 3213 0 1102 375 1984 1858 1222 2250 2016 2360 1960 2650 1970 1279 2923 1989 2143
1973 0 2609 0 1155 0 3213 0 958 375 1984 1858 1222 2250 2016 2360 1960 2650 1970 1279 2923 1989 2143
2938 0 2609 0 1107 0 3213 0 902 375 1984 1858 1222 2250 2016 2360 1960 2650 1970 1279 2923 1989 2143
2982 0 2609 0 1011 0 3213 0 806 375 1984 1858 1222 2250 2016 2360 1960 2650 1970 1279 2923 1989 2143
3026 0 2609 0 915 0 3213 0 710 375 1984 1858 1222 2250 2016 2360 1960 2650 1970 1279 2923 1989 2143
3070 0 2609 0 819 0 3213 0 614 375 1984 1858 1222 2250 2016 2360 1960 2650 1970 1279 2923 1989 2143
3115 0 2609 0 723 0 3213 0 518 375 1984 1858 1222 2250 2016 2360 1960 2650 1970 1279 2923 1989 2143
3183 0 2661 0 627 0 3147 0 422 375 1984 1858 1222 2250 2016 2360 1960 2650 1970 1279 2923 1989 2143
3227 0 2661 0 531 0 3147 0 326 375 1984 1858 1222 2250 2016 2360 1960 2650 1970 1279 2923 1989 2143
3271 0 2661 0 435 0 3147 0 230 375 1984 1858 1222 2250 2016 2360 1960 2650 1970 1279 2923 1989 2143
3315 0 2661 0 339 0 3147 0 134 375 1984 1858 1222 2250 2016 2360 1960 2650 1970 1279 2923 1989 2143
3358 0 2661 0 243 0 3147 0 38 375 1984 1858 1222 2250 2016 2360 1960 2650 1970 1279 2923 1989 2143
3412 0 2661 0 118 0 3147 0 0 375 1984 1858 1222 2250 2016 2360 1960 2650 1970 1279 2923 1989 2143
3531 0 2661 0 118 0 3045 0 0 375 1984 1858 1222 2250 2016 2360 1960 2650 1970 1279 2923 1989 2143
3579 0 2661 0 118 0 2907 0 0 375 1984 1858 1222 2250 2016 2360 1960 2650 1970 1279 2923 1989 2143
3626 0 2661 0 118 0 2859 0 0 375 1984 1858 1222 2250 2016 2360 1960 2650 1970 1279 2923 1989 2143
3674 0 2661 0 118 0 2715 0 0 375 1984 1858 1222 2250 2016 2360 1960 2650 1970 1279 2923 1989 2143
3722 0 2661 0 118 0 2571 0 0 375 1984 1858 1222 2250 2016 2360 1960 2650 1970 1279 2923 1989 2143
3770 0 2661 0 118 0 2427 0 0 375 1984 1858 1222 2250 2016 2360 1960 2650 1970 1279 2923 1989 2143
3828 0 2661 0 118 0 2325 0 0 375 1984 1858 1222 2250 2016 2360 1960 2650 1970 1279 2923 1989 2143
3876 0 2661 0 118 0 2181 0 0 375 1984 1858 1222 2250 2016 2360 1960 2650 1970 1279 2923 1989 2143
3924 0 2661 0 118 0 2037 0 0 375 1984 1858 1222 2250 2016 2360 1960 2650 1970 1279 2923 1989 2143
3972 0 2661 0 118 0 1893 0 0 375 1984 1858 1222 2250 2016 2360 1960 2650 1970 1279 2923 1989 2143
4020 0 2661 0 118 0 1749 0 0 375 1984 1858 1222 2250 2016 2360 1960 2650 1970 1279 2923 1989 2143
4068 0 2661 0 118 0 1605 0 0 375 1984 1858 1222 2250 2016 2360 1960 2650 1970 1279 2923 1989 2143
4116 0 2661 0 118 0 1461 0 0 375 1984 1858 1222 2250 2016 2360 1960 2650 1970 1279 2923 1989 2143
4164 0 2661 0 118 0 1317 0 0 375 1984 1858 1222 2250 2016 2360 1960 2650 1970 1279 2923 1989 2143
4212 0 2661 0 118 0 1173 0 0 375 1984 1858 1222 2250 2016 2360 1960 2650 1970 1279 2923 1989 2143
4260 0 2661 0 118 0 1029 0 0 375 1984 1858 1222 2250 2016 2360 1960 2650 1970 1279 2923 1989 2143
4308 0 2661 0 118 0 885 0 0 375 1984 1858 1222 2250 2016 2360 1960 2650 1970 1279 2923 1989 2143
4356 0 2661 0 118 0 741 0 0 375 1984 1858 1222 2250 2016 2360 1960 2650 1970 1279 2923 1989 2143
4403 0 2661 0 118 0 597 0 0 375 1984 1858 1222 2250 2016 2360 1960 2650 1970 1279 2923 1989 2143
4482 0 2661 0 118 0 595 0 0 375 1984 1858 1222 2250 2016 2360 1960 2650 1970 1279 2923 1989 2143
4877 0 2661 0 118 0 648 0 0 375 1984 1858 1222 2250 2016 2360 1960 2650 1970 1279 2923 1989 2143
