# dynamixel ids: 47 37 46 36 44 34 45 35 33 43 31 41 1 2 3 4 21 22 5 6 19 20 
466 0 3000 0 447 0 2885 0 0 2004 2007 2211 1521 2298 2030 2184 1961 2650 1943 1383 2935 1990 2143
973 0 2952 0 399 0 2819 0 0 2004 2007 2211 1521 2298 2030 2184 1961 2650 1943 1383 2935 1990 2143
1029 0 2856 0 317 0 2723 0 0 2004 2007 2211 1521 2298 2030 2184 1961 2650 1943 1383 2935 1990 2143
1079 0 2760 0 269 0 2627 0 0 2004 2007 2211 1521 2298 2030 2184 1961 2650 1943 1383 2935 1990 2143
1129 0 2664 0 267 0 2531 0 0 2004 2007 2211 1521 2298 2030 2184 1961 2650 1943 1383 2935 1990 2143
1173 0 2568 0 267 0 2435 0 0 2004 2007 2211 1521 2298 2030 2184 1961 2650 1943 1383 2935 1990 2143
1217 0 2472 0 267 0 2339 0 0 2004 2007 2211 1521 2298 2030 2184 1961 2650 1943 1383 2935 1990 2143
1261 0 2376 0 267 0 2243 0 0 2004 2007 2211 1521 2298 2030 2184 1961 2650 1943 1383 2935 1990 2143
1305 0 2280 0 267 0 2147 0 0 2004 2007 2211 1521 2298 2030 2184 1961 2650 1943 1383 2935 1990 2143
1355 0 2184 0 227 0 2051 0 0 2004 2007 2211 1521 2298 2030 2184 1961 2650 1943 1383 2935 1990 2143
1399 0 2088 0 227 0 1955 0 0 2004 2007 2211 1521 2298 2030 2184 1961 2650 1943 1383 2935 1990 2143
1443 0 1992 0 227 0 1859 0 0 2004 2007 2211 1521 2298 2030 2184 1961 2650 1943 1383 2935 1990 2143
1487 0 1896 0 227 0 1763 0 0 2004 2007 2211 1521 2298 2030 2184 1961 2650 1943 1383 2935 1990 2143
1531 0 1800 0 227 0 1667 0 0 2004 2007 2211 1521 2298 2030 2184 1961 2650 1943 1383 2935 1990 2143
1575 0 1704 0 227 0 1571 0 0 2004 2007 2211 1521 2298 2030 2184 1961 2650 1943 1383 2935 1990 2143
1619 0 1608 0 227 0 1520 0 0 2004 2007 2211 1521 2298 2030 2184 1961 2650 1943 1383 2935 1990 2143
1667 0 1464 0 227 0 1520 0 0 2004 2007 2211 1521 2298 2030 2184 1961 2650 1943 1383 2935 1990 2143
1715 0 1320 0 227 0 1520 0 0 2004 2007 2211 1521 2298 2030 2184 1961 2650 1943 1383 2935 1990 2143
1775 0 1176 0 188 0 1472 0 0 2004 2007 2211 1521 2298 2030 2184 1961 2650 1943 1383 2935 1990 2143
1829 0 1032 0 188 0 1467 0 0 2004 2007 2211 1521 2298 2030 2184 1961 2650 1943 1383 2935 1990 2143
1877 0 888 0 188 0 1467 0 0 2004 2007 2211 1521 2298 2030 2184 1961 2650 1943 1383 2935 1990 2143
1925 0 744 0 188 0 1467 0 0 2004 2007 2211 1521 2298 2030 2184 1961 2650 1943 1383 2935 1990 2143
1972 0 600 0 188 0 1467 0 0 2004 2007 2211 1521 2298 2030 2184 1961 2650 1943 1383 2935 1990 2143
2020 0 456 0 188 0 1467 0 0 2004 2007 2211 1521 2298 2030 2184 1961 2650 1943 1383 2935 1990 2143
2068 0 312 0 188 0 1467 0 0 2004 2007 2211 1521 2298 2030 2184 1961 2650 1943 1383 2935 1990 2143
2116 0 168 0 188 0 1467 0 0 2004 2007 2211 1521 2298 2030 2184 1961 2650 1943 1383 2935 1990 2143
2164 0 24 0 188 0 1467 0 0 2004 2007 2211 1521 2298 2030 2184 1961 2650 1943 1383 2935 1990 2143
