# dynamixel ids: 47 37 46 36 44 34 45 35 33 43 31 41 1 2 3 4 21 22 5 6 19 20 
108 0 1760 0 217 0 1139 0 0 2028 2007 195 1509 2111 2027 2246 1966 2436 1939 1082 2935 1991 2144
1164 0 1760 0 265 0 1141 0 0 2028 2007 195 1509 2111 2027 2246 1966 2436 1939 1082 2935 1991 2144
1208 0 1760 0 337 0 1237 0 0 2028 2007 195 1509 2111 2027 2246 1966 2436 1939 1082 2935 1991 2144
1269 0 1760 0 385 0 1381 0 48 2028 2007 195 1509 2111 2027 2246 1966 2436 1939 1082 2935 1991 2144
1325 0 1760 0 481 0 1477 0 144 2028 2007 195 1509 2111 2027 2246 1966 2436 1939 1082 2935 1991 2144
1381 0 1760 0 577 0 1573 0 240 2028 2007 195 1509 2111 2027 2246 1966 2436 1939 1082 2935 1991 2144
1437 0 1760 0 673 0 1669 0 336 2028 2007 195 1509 2111 2027 2246 1966 2436 1939 1082 2935 1991 2144
1493 0 1760 0 769 0 1765 0 432 2028 2007 195 1509 2111 2027 2246 1966 2436 1939 1082 2935 1991 2144
1548 0 1760 0 865 0 1861 0 528 2028 2007 195 1509 2111 2027 2246 1966 2436 1939 1082 2935 1991 2144
1604 0 1760 0 961 0 1957 0 624 2028 2007 195 1509 2111 2027 2246 1966 2436 1939 1082 2935 1991 2144
1660 0 1760 0 1057 0 2053 0 720 2028 2007 195 1509 2111 2027 2246 1966 2436 1939 1082 2935 1991 2144
1722 0 1720 0 1153 0 2149 0 816 2028 2007 195 1509 2111 2027 2246 1966 2436 1939 1082 2935 1991 2144
1778 0 1720 0 1249 0 2245 0 912 2028 2007 195 1509 2111 2027 2246 1966 2436 1939 1082 2935 1991 2144
1828 0 1720 0 1345 0 2253 0 1008 2028 2007 195 1509 2111 2027 2246 1966 2436 1939 1082 2935 1991 2144
1872 0 1720 0 1441 0 2253 0 1104 2028 2007 195 1509 2111 2027 2246 1966 2436 1939 1082 2935 1991 2144
1916 0 1720 0 1537 0 2253 0 1200 2028 2007 195 1509 2111 2027 2246 1966 2436 1939 1082 2935 1991 2144
1966 0 1720 0 1604 0 2205 0 1296 2028 2007 195 1509 2111 2027 2246 1966 2436 1939 1082 2935 1991 2144
2011 0 1720 0 1604 0 2147 0 1392 2028 2007 195 1509 2111 2027 2246 1966 2436 1939 1082 2935 1991 2144
2059 0 1720 0 1604 0 2147 0 1536 2028 2007 195 1509 2111 2027 2246 1966 2436 1939 1082 2935 1991 2144
2107 0 1720 0 1604 0 2147 0 1680 2028 2007 195 1509 2111 2027 2246 1966 2436 1939 1082 2935 1991 2144
2155 0 1720 0 1604 0 2147 0 1824 2028 2007 195 1509 2111 2027 2246 1966 2436 1939 1082 2935 1991 2144
2203 0 1720 0 1604 0 2147 0 1968 2028 2007 195 1509 2111 2027 2246 1966 2436 1939 1082 2935 1991 2144
2251 0 1720 0 1604 0 2147 0 2112 2028 2007 195 1509 2111 2027 2246 1966 2436 1939 1082 2935 1991 2144
2299 0 1720 0 1604 0 2147 0 2256 2028 2007 195 1509 2111 2027 2246 1966 2436 1939 1082 2935 1991 2144
2359 0 1720 0 1564 0 2195 0 2400 2028 2007 195 1509 2111 2027 2246 1966 2436 1939 1082 2935 1991 2144
2414 0 1720 0 1564 0 2200 0 2544 2028 2007 195 1509 2111 2027 2246 1966 2436 1939 1082 2935 1991 2144
2468 0 1720 0 1564 0 2248 0 2688 2028 2007 195 1509 2111 2027 2246 1966 2436 1939 1082 2935 1991 2144
2512 0 1720 0 1564 0 2341 0 2784 2028 2007 195 1509 2111 2027 2246 1966 2436 1939 1082 2935 1991 2144
2565 0 1720 0 1564 0 2387 0 2928 2028 2007 195 1509 2111 2027 2246 1966 2436 1939 1082 2935 1991 2144
2613 0 1720 0 1524 0 2387 0 3000 2028 2007 195 1509 2111 2027 2246 1966 2436 1939 1082 2935 1991 2144
2811 0 1720 0 1524 0 2339 0 3000 2028 2007 195 1509 2111 2027 2246 1966 2436 1939 1082 2935 1991 2144
3055 0 1720 0 1524 0 2272 0 3000 2028 2007 195 1509 2111 2027 2246 1966 2436 1939 1082 2935 1991 2144
3208 0 1720 0 1524 0 2205 0 3000 2028 2007 195 1509 2111 2027 2246 1966 2436 1939 1082 2935 1991 2144
3311 0 1720 0 1484 0 2173 0 3000 2028 2007 195 1509 2111 2027 2246 1966 2436 1939 1082 2935 1991 2144
