# dynamixel ids: 47 37 46 36 44 34 45 35 33 43 31 41 1 2 3 4 21 22 5 6 19 20 
1200 0 1720 0 1484 0 2067 0 2952 2028 2007 195 1509 2111 2027 2246 1966 2436 1939 1082 2935 1991 2144
1248 0 1720 0 1484 0 2067 0 2808 2028 2007 195 1509 2111 2027 2246 1966 2436 1939 1082 2935 1991 2144
1296 0 1720 0 1484 0 2067 0 2700 2028 2007 195 1509 2111 2027 2246 1966 2436 1939 1082 2935 1991 2144
1415 0 1720 0 1436 0 2019 0 2652 2028 2007 195 1509 2111 2027 2246 1966 2436 1939 1082 2935 1991 2144
1471 0 1720 0 1340 0 1923 0 2556 2028 2007 195 1509 2111 2027 2246 1966 2436 1939 1082 2935 1991 2144
1527 0 1720 0 1244 0 1827 0 2460 2028 2007 195 1509 2111 2027 2246 1966 2436 1939 1082 2935 1991 2144
1583 0 1720 0 1148 0 1731 0 2364 2028 2007 195 1509 2111 2027 2246 1966 2436 1939 1082 2935 1991 2144
1639 0 1720 0 1052 0 1635 0 2268 2028 2007 195 1509 2111 2027 2246 1966 2436 1939 1082 2935 1991 2144
1695 0 1720 0 956 0 1539 0 2172 2028 2007 195 1509 2111 2027 2246 1966 2436 1939 1082 2935 1991 2144
1751 0 1720 0 860 0 1443 0 2076 2028 2007 195 1509 2111 2027 2246 1966 2436 1939 1082 2935 1991 2144
1807 0 1720 0 764 0 1347 0 1980 2028 2007 195 1509 2111 2027 2246 1966 2436 1939 1082 2935 1991 2144
1863 0 1720 0 668 0 1251 0 1884 2028 2007 195 1509 2111 2027 2246 1966 2436 1939 1082 2935 1991 2144
1919 0 1720 0 572 0 1155 0 1788 2028 2007 195 1509 2111 2027 2246 1966 2436 1939 1082 2935 1991 2144
1975 0 1720 0 476 0 1059 0 1692 2028 2007 195 1509 2111 2027 2246 1966 2436 1939 1082 2935 1991 2144
2031 0 1720 0 380 0 963 0 1596 2028 2007 195 1509 2111 2027 2246 1966 2436 1939 1082 2935 1991 2144
2086 0 1720 0 284 0 867 0 1500 2028 2007 195 1509 2111 2027 2246 1966 2436 1939 1082 2935 1991 2144
2142 0 1720 0 188 0 771 0 1404 2028 2007 195 1509 2111 2027 2246 1966 2436 1939 1082 2935 1991 2144
2198 0 1720 0 118 0 707 0 1308 2028 2007 195 1509 2111 2027 2246 1966 2436 1939 1082 2935 1991 2144
2246 0 1720 0 118 0 707 0 1164 2028 2007 195 1509 2111 2027 2246 1966 2436 1939 1082 2935 1991 2144
2294 0 1720 0 118 0 707 0 1020 2028 2007 195 1509 2111 2027 2246 1966 2436 1939 1082 2935 1991 2144
2342 0 1720 0 118 0 707 0 876 2028 2007 195 1509 2111 2027 2246 1966 2436 1939 1082 2935 1991 2144
2390 0 1720 0 118 0 707 0 732 2028 2007 195 1509 2111 2027 2246 1966 2436 1939 1082 2935 1991 2144
2438 0 1720 0 118 0 707 0 588 2028 2007 195 1509 2111 2027 2246 1966 2436 1939 1082 2935 1991 2144
2486 0 1720 0 118 0 707 0 444 2028 2007 195 1509 2111 2027 2246 1966 2436 1939 1082 2935 1991 2144
2534 0 1720 0 118 0 707 0 300 2028 2007 195 1509 2111 2027 2246 1966 2436 1939 1082 2935 1991 2144
2588 0 1720 0 78 0 707 0 156 2028 2007 195 1509 2111 2027 2246 1966 2436 1939 1082 2935 1991 2144
2636 0 1720 0 78 0 707 0 12 2028 2007 195 1509 2111 2027 2246 1966 2436 1939 1082 2935 1991 2144
3302 0 1720 0 78 0 755 0 0 2028 2007 195 1509 2111 2027 2246 1966 2436 1939 1082 2935 1991 2144
