# dynamixel ids: 47 37 46 36 44 34 45 35 33 43 31 41 1 2 3 4 21 22 5 6 19 20 
1382 0 1690 0 997 0 1707 0 1202 2028 2007 195 1509 2111 2027 2246 1966 2436 1939 1082 2935 1991 2144
1426 0 1690 0 901 0 1707 0 1106 2028 2007 195 1509 2111 2027 2246 1966 2436 1939 1082 2935 1991 2144
1470 0 1690 0 805 0 1707 0 1010 2028 2007 195 1509 2111 2027 2246 1966 2436 1939 1082 2935 1991 2144
1526 0 1690 0 709 0 1611 0 914 2028 2007 195 1509 2111 2027 2246 1966 2436 1939 1082 2935 1991 2144
1582 0 1690 0 613 0 1515 0 818 2028 2007 195 1509 2111 2027 2246 1966 2436 1939 1082 2935 1991 2144
1637 0 1690 0 517 0 1445 0 722 2028 2007 195 1509 2111 2027 2246 1966 2436 1939 1082 2935 1991 2144
1693 0 1690 0 421 0 1349 0 626 2028 2007 195 1509 2111 2027 2246 1966 2436 1939 1082 2935 1991 2144
1749 0 1690 0 325 0 1272 0 530 2028 2007 195 1509 2111 2027 2246 1966 2436 1939 1082 2935 1991 2144
1799 0 1690 0 229 0 1267 0 434 2028 2007 195 1509 2111 2027 2246 1966 2436 1939 1082 2935 1991 2144
1843 0 1690 0 133 0 1267 0 338 2028 2007 195 1509 2111 2027 2246 1966 2436 1939 1082 2935 1991 2144
1897 0 1690 0 88 0 1267 0 194 2028 2007 195 1509 2111 2027 2246 1966 2436 1939 1082 2935 1991 2144
1945 0 1690 0 88 0 1267 0 50 2028 2007 195 1509 2111 2027 2246 1966 2436 1939 1082 2935 1991 2144
2134 0 1730 0 88 0 1267 0 0 2028 2007 195 1509 2111 2027 2246 1966 2436 1939 1082 2935 1991 2144
2382 0 1730 0 88 0 1219 0 0 2028 2007 195 1509 2111 2027 2246 1966 2436 1939 1082 2935 1991 2144
