# dynamixel ids: 47 37 46 36 44 34 45 35 33 43 31 41 1 2 3 4 21 22 5 6 19 20 
12 0 1690 0 178 0 848 0 0 2028 2007 195 1509 2111 2027 2246 1966 2436 1939 1082 2935 1991 2144
266 0 1690 0 178 0 901 0 0 2028 2007 195 1509 2111 2027 2246 1966 2436 1939 1082 2935 1991 2144
414 0 1690 0 178 0 1008 0 0 2028 2007 195 1509 2111 2027 2246 1966 2436 1939 1082 2935 1991 2144
668 0 1690 0 178 0 1061 0 0 2028 2007 195 1509 2111 2027 2246 1966 2436 1939 1082 2935 1991 2144
716 0 1690 0 178 0 1205 0 0 2028 2007 195 1509 2111 2027 2246 1966 2436 1939 1082 2935 1991 2144
815 0 1690 0 178 0 1328 0 0 2028 2007 195 1509 2111 2027 2246 1966 2436 1939 1082 2935 1991 2144
863 0 1690 0 178 0 1472 0 0 2028 2007 195 1509 2111 2027 2246 1966 2436 1939 1082 2935 1991 2144
915 0 1690 0 178 0 1568 0 0 2028 2007 195 1509 2111 2027 2246 1966 2436 1939 1082 2935 1991 2144
1018 0 1690 0 178 0 1539 0 0 2028 2007 195 1509 2111 2027 2246 1966 2436 1939 1082 2935 1991 2144
1060 0 1690 0 178 0 1472 0 0 2028 2007 195 1509 2111 2027 2246 1966 2436 1939 1082 2935 1991 2144
1108 0 1690 0 178 0 1328 0 0 2028 2007 195 1509 2111 2027 2246 1966 2436 1939 1082 2935 1991 2144
1156 0 1690 0 178 0 1200 0 0 2028 2007 195 1509 2111 2027 2246 1966 2436 1939 1082 2935 1991 2144
1204 0 1690 0 178 0 1056 0 0 2028 2007 195 1509 2111 2027 2246 1966 2436 1939 1082 2935 1991 2144
1272 0 1690 0 130 0 979 0 0 2028 2007 195 1509 2111 2027 2246 1966 2436 1939 1082 2935 1991 2144
1326 0 1690 0 128 0 1027 0 0 2028 2007 195 1509 2111 2027 2246 1966 2436 1939 1082 2935 1991 2144
1373 0 1690 0 128 0 1171 0 0 2028 2007 195 1509 2111 2027 2246 1966 2436 1939 1082 2935 1991 2144
1421 0 1690 0 128 0 1315 0 0 2028 2007 195 1509 2111 2027 2246 1966 2436 1939 1082 2935 1991 2144
1469 0 1690 0 128 0 1459 0 0 2028 2007 195 1509 2111 2027 2246 1966 2436 1939 1082 2935 1991 2144
1517 0 1690 0 128 0 1603 0 0 2028 2007 195 1509 2111 2027 2246 1966 2436 1939 1082 2935 1991 2144
1565 0 1690 0 128 0 1747 0 0 2028 2007 195 1509 2111 2027 2246 1966 2436 1939 1082 2935 1991 2144
1619 0 1690 0 168 0 1891 0 0 2028 2007 195 1509 2111 2027 2246 1966 2436 1939 1082 2935 1991 2144
1674 0 1690 0 216 0 2035 0 0 2028 2007 195 1509 2111 2027 2246 1966 2436 1939 1082 2935 1991 2144
1718 0 1690 0 277 0 2131 0 0 2028 2007 195 1509 2111 2027 2246 1966 2436 1939 1082 2935 1991 2144
1923 0 1690 0 325 0 2112 0 48 2028 2007 195 1509 2111 2027 2246 1966 2436 1939 1082 2935 1991 2144
1979 0 1690 0 421 0 2016 0 100 2028 2007 195 1509 2111 2027 2246 1966 2436 1939 1082 2935 1991 2144
2023 0 1690 0 517 0 1920 0 100 2028 2007 195 1509 2111 2027 2246 1966 2436 1939 1082 2935 1991 2144
2077 0 1690 0 636 0 1893 0 100 2028 2007 195 1509 2111 2027 2246 1966 2436 1939 1082 2935 1991 2144
2270 0 1690 0 636 0 1845 0 148 2028 2007 195 1509 2111 2027 2246 1966 2436 1939 1082 2935 1991 2144
2324 0 1690 0 636 0 1840 0 292 2028 2007 195 1509 2111 2027 2246 1966 2436 1939 1082 2935 1991 2144
2417 0 1690 0 636 0 1840 0 348 2028 2007 195 1509 2111 2027 2246 1966 2436 1939 1082 2935 1991 2144
2477 0 1690 0 684 0 1888 0 492 2028 2007 195 1509 2111 2027 2246 1966 2436 1939 1082 2935 1991 2144
2533 0 1690 0 766 0 1984 0 588 2028 2007 195 1509 2111 2027 2246 1966 2436 1939 1082 2935 1991 2144
2586 0 1690 0 766 0 1987 0 732 2028 2007 195 1509 2111 2027 2246 1966 2436 1939 1082 2935 1991 2144
2630 0 1690 0 806 0 1939 0 828 2028 2007 195 1509 2111 2027 2246 1966 2436 1939 1082 2935 1991 2144
2684 0 1690 0 806 0 1933 0 972 2028 2007 195 1509 2111 2027 2246 1966 2436 1939 1082 2935 1991 2144
2732 0 1690 0 806 0 1933 0 1116 2028 2007 195 1509 2111 2027 2246 1966 2436 1939 1082 2935 1991 2144
2780 0 1690 0 806 0 1933 0 1260 2028 2007 195 1509 2111 2027 2246 1966 2436 1939 1082 2935 1991 2144
2834 0 1690 0 766 0 1933 0 1250 2028 2007 195 1509 2111 2027 2246 1966 2436 1939 1082 2935 1991 2144
2927 0 1690 0 726 0 1885 0 1250 2028 2007 195 1509 2111 2027 2246 1966 2436 1939 1082 2935 1991 2144
3070 0 1690 0 686 0 1880 0 1250 2028 2007 195 1509 2111 2027 2246 1966 2436 1939 1082 2935 1991 2144
3268 0 1690 0 646 0 1880 0 1250 2028 2007 195 1509 2111 2027 2246 1966 2436 1939 1082 2935 1991 2144
3421 0 1690 0 694 0 1880 0 1202 2028 2007 195 1509 2111 2027 2246 1966 2436 1939 1082 2935 1991 2144
3465 0 1690 0 756 0 1880 0 1106 2028 2007 195 1509 2111 2027 2246 1966 2436 1939 1082 2935 1991 2144
3519 0 1690 0 804 0 1832 0 1050 2028 2007 195 1509 2111 2027 2246 1966 2436 1939 1082 2935 1991 2144
3573 0 1690 0 904 0 1813 0 1050 2028 2007 195 1509 2111 2027 2246 1966 2436 1939 1082 2935 1991 2144
3665 0 1690 0 984 0 1813 0 1050 2028 2007 195 1509 2111 2027 2246 1966 2436 1939 1082 2935 1991 2144
4815 0 1690 0 945 0 1813 0 1050 2028 2007 195 1509 2111 2027 2246 1966 2436 1939 1082 2935 1991 2144
5668 0 1690 0 945 0 1765 0 1050 2028 2007 195 1509 2111 2027 2246 1966 2436 1939 1082 2935 1991 2144
5871 0 1690 0 993 0 1760 0 1050 2028 2007 195 1509 2111 2027 2246 1966 2436 1939 1082 2935 1991 2144
