# dynamixel ids: 47 37 46 36 44 34 45 35 33 43 31 41 1 2 3 4 21 22 5 6 19 20 
79 0 2491 0 277 0 1155 0 0 375 1984 1858 1222 2250 2016 2360 1960 2650 1970 1279 2923 1989 2143
322 0 2491 0 277 0 1112 0 0 375 1984 1858 1222 2250 2016 2360 1960 2650 1970 1279 2923 1989 2143
475 0 2491 0 277 0 1155 0 0 375 1984 1858 1222 2250 2016 2360 1960 2650 1970 1279 2923 1989 2143
524 0 2491 0 277 0 1299 0 0 375 1984 1858 1222 2250 2016 2360 1960 2650 1970 1279 2923 1989 2143
572 0 2491 0 277 0 1443 0 0 375 1984 1858 1222 2250 2016 2360 1960 2650 1970 1279 2923 1989 2143
620 0 2491 0 277 0 1587 0 0 375 1984 1858 1222 2250 2016 2360 1960 2650 1970 1279 2923 1989 2143
668 0 2491 0 277 0 1731 0 0 375 1984 1858 1222 2250 2016 2360 1960 2650 1970 1279 2923 1989 2143
716 0 2491 0 277 0 1875 0 0 375 1984 1858 1222 2250 2016 2360 1960 2650 1970 1279 2923 1989 2143
764 0 2491 0 277 0 2019 0 0 375 1984 1858 1222 2250 2016 2360 1960 2650 1970 1279 2923 1989 2143
812 0 2491 0 277 0 2163 0 0 375 1984 1858 1222 2250 2016 2360 1960 2650 1970 1279 2923 1989 2143
860 0 2491 0 277 0 2307 0 0 375 1984 1858 1222 2250 2016 2360 1960 2650 1970 1279 2923 1989 2143
908 0 2491 0 277 0 2451 0 0 375 1984 1858 1222 2250 2016 2360 1960 2650 1970 1279 2923 1989 2143
956 0 2491 0 277 0 2595 0 0 375 1984 1858 1222 2250 2016 2360 1960 2650 1970 1279 2923 1989 2143
1004 0 2491 0 277 0 2739 0 0 375 1984 1858 1222 2250 2016 2360 1960 2650 1970 1279 2923 1989 2143
1052 0 2491 0 277 0 2883 0 0 375 1984 1858 1222 2250 2016 2360 1960 2650 1970 1279 2923 1989 2143
1100 0 2491 0 277 0 3027 0 0 375 1984 1858 1222 2250 2016 2360 1960 2650 1970 1279 2923 1989 2143
1148 0 2491 0 277 0 3171 0 0 375 1984 1858 1222 2250 2016 2360 1960 2650 1970 1279 2923 1989 2143
1196 0 2491 0 277 0 3315 0 0 375 1984 1858 1222 2250 2016 2360 1960 2650 1970 1279 2923 1989 2143
1244 0 2491 0 277 0 3459 0 0 375 1984 1858 1222 2250 2016 2360 1960 2650 1970 1279 2923 1989 2143
1293 0 2491 0 277 0 3603 0 0 375 1984 1858 1222 2250 2016 2360 1960 2650 1970 1279 2923 1989 2143
1353 0 2491 0 373 0 3560 0 0 375 1984 1858 1222 2250 2016 2360 1960 2650 1970 1279 2923 1989 2143
1400 0 2491 0 517 0 3560 0 0 375 1984 1858 1222 2250 2016 2360 1960 2650 1970 1279 2923 1989 2143
1444 0 2491 0 613 0 3560 0 96 375 1984 1858 1222 2250 2016 2360 1960 2650 1970 1279 2923 1989 2143
1494 0 2491 0 709 0 3512 0 192 375 1984 1858 1222 2250 2016 2360 1960 2650 1970 1279 2923 1989 2143
1544 0 2491 0 805 0 3493 0 288 375 1984 1858 1222 2250 2016 2360 1960 2650 1970 1279 2923 1989 2143
1588 0 2491 0 901 0 3493 0 384 375 1984 1858 1222 2250 2016 2360 1960 2650 1970 1279 2923 1989 2143
1632 0 2491 0 997 0 3493 0 480 375 1984 1858 1222 2250 2016 2360 1960 2650 1970 1279 2923 1989 2143
1682 0 2491 0 1093 0 3445 0 576 375 1984 1858 1222 2250 2016 2360 1960 2650 1970 1279 2923 1989 2143
1738 0 2491 0 1189 0 3349 0 672 375 1984 1858 1222 2250 2016 2360 1960 2650 1970 1279 2923 1989 2143
1794 0 2491 0 1285 0 3395 0 768 375 1984 1858 1222 2250 2016 2360 1960 2650 1970 1279 2923 1989 2143
1838 0 2491 0 1315 0 3400 0 864 375 1984 1858 1222 2250 2016 2360 1960 2650 1970 1279 2923 1989 2143
1886 0 2491 0 1315 0 3400 0 1008 375 1984 1858 1222 2250 2016 2360 1960 2650 1970 1279 2923 1989 2143
1940 0 2491 0 1363 0 3400 0 1152 375 1984 1858 1222 2250 2016 2360 1960 2650 1970 1279 2923 1989 2143
1994 0 2491 0 1374 0 3400 0 1296 375 1984 1858 1222 2250 2016 2360 1960 2650 1970 1279 2923 1989 2143
2054 0 2491 0 1424 0 3400 0 1440 375 1984 1858 1222 2250 2016 2360 1960 2650 1970 1279 2923 1989 2143
2102 0 2491 0 1424 0 3400 0 1584 375 1984 1858 1222 2250 2016 2360 1960 2650 1970 1279 2923 1989 2143
2150 0 2491 0 1424 0 3400 0 1728 375 1984 1858 1222 2250 2016 2360 1960 2650 1970 1279 2923 1989 2143
2198 0 2491 0 1424 0 3400 0 1872 375 1984 1858 1222 2250 2016 2360 1960 2650 1970 1279 2923 1989 2143
2246 0 2491 0 1424 0 3400 0 2016 375 1984 1858 1222 2250 2016 2360 1960 2650 1970 1279 2923 1989 2143
2294 0 2491 0 1424 0 3400 0 2160 375 1984 1858 1222 2250 2016 2360 1960 2650 1970 1279 2923 1989 2143
2338 0 2491 0 1384 0 3352 0 2256 375 1984 1858 1222 2250 2016 2360 1960 2650 1970 1279 2923 1989 2143
2392 0 2491 0 1384 0 3347 0 2400 375 1984 1858 1222 2250 2016 2360 1960 2650 1970 1279 2923 1989 2143
2440 0 2491 0 1384 0 3347 0 2544 375 1984 1858 1222 2250 2016 2360 1960 2650 1970 1279 2923 1989 2143
2774 0 2491 0 1384 0 3347 0 2502 375 1984 1858 1222 2250 2016 2360 1960 2650 1970 1279 2923 1989 2143
2822 0 2491 0 1384 0 3347 0 2358 375 1984 1858 1222 2250 2016 2360 1960 2650 1970 1279 2923 1989 2143
3228 0 2491 0 1384 0 3299 0 2350 375 1984 1858 1222 2250 2016 2360 1960 2650 1970 1279 2923 1989 2143
3632 0 2491 0 1424 0 3293 0 2350 375 1984 1858 1222 2250 2016 2360 1960 2650 1970 1279 2923 1989 2143
