# dynamixel ids: 47 37 46 36 44 34 45 35 33 43 31 41 1 2 3 4 21 22 5 6 19 20 
87 0 2491 0 1464 0 3221 0 2150 375 1984 1858 1222 2250 2016 2360 1960 2650 1970 1279 2923 1989 2143
190 0 2491 0 1464 0 3179 0 2150 375 1984 1858 1222 2250 2016 2360 1960 2650 1970 1279 2923 1989 2143
707 0 2491 0 1416 0 3125 0 2102 375 1984 1858 1222 2250 2016 2360 1960 2650 1970 1279 2923 1989 2143
763 0 2491 0 1320 0 3040 0 2006 375 1984 1858 1222 2250 2016 2360 1960 2650 1970 1279 2923 1989 2143
813 0 2491 0 1224 0 2992 0 1910 375 1984 1858 1222 2250 2016 2360 1960 2650 1970 1279 2923 1989 2143
869 0 2491 0 1128 0 2896 0 1814 375 1984 1858 1222 2250 2016 2360 1960 2650 1970 1279 2923 1989 2143
925 0 2491 0 1032 0 2800 0 1718 375 1984 1858 1222 2250 2016 2360 1960 2650 1970 1279 2923 1989 2143
981 0 2491 0 936 0 2707 0 1622 375 1984 1858 1222 2250 2016 2360 1960 2650 1970 1279 2923 1989 2143
1037 0 2491 0 840 0 2611 0 1526 375 1984 1858 1222 2250 2016 2360 1960 2650 1970 1279 2923 1989 2143
1093 0 2491 0 744 0 2552 0 1430 375 1984 1858 1222 2250 2016 2360 1960 2650 1970 1279 2923 1989 2143
1149 0 2491 0 648 0 2456 0 1334 375 1984 1858 1222 2250 2016 2360 1960 2650 1970 1279 2923 1989 2143
1206 0 2491 0 552 0 2360 0 1238 375 1984 1858 1222 2250 2016 2360 1960 2650 1970 1279 2923 1989 2143
1262 0 2491 0 456 0 2264 0 1142 375 1984 1858 1222 2250 2016 2360 1960 2650 1970 1279 2923 1989 2143
1318 0 2491 0 360 0 2168 0 1046 375 1984 1858 1222 2250 2016 2360 1960 2650 1970 1279 2923 1989 2143
1375 0 2491 0 264 0 2072 0 950 375 1984 1858 1222 2250 2016 2360 1960 2650 1970 1279 2923 1989 2143
1431 0 2491 0 207 0 1976 0 854 375 1984 1858 1222 2250 2016 2360 1960 2650 1970 1279 2923 1989 2143
1475 0 2491 0 207 0 1880 0 758 375 1984 1858 1222 2250 2016 2360 1960 2650 1970 1279 2923 1989 2143
1519 0 2491 0 207 0 1784 0 662 375 1984 1858 1222 2250 2016 2360 1960 2650 1970 1279 2923 1989 2143
1563 0 2491 0 207 0 1688 0 566 375 1984 1858 1222 2250 2016 2360 1960 2650 1970 1279 2923 1989 2143
1613 0 2491 0 168 0 1592 0 470 375 1984 1858 1222 2250 2016 2360 1960 2650 1970 1279 2923 1989 2143
1656 0 2491 0 168 0 1496 0 374 375 1984 1858 1222 2250 2016 2360 1960 2650 1970 1279 2923 1989 2143
1700 0 2491 0 168 0 1400 0 278 375 1984 1858 1222 2250 2016 2360 1960 2650 1970 1279 2923 1989 2143
1744 0 2491 0 168 0 1304 0 182 375 1984 1858 1222 2250 2016 2360 1960 2650 1970 1279 2923 1989 2143
1788 0 2491 0 168 0 1208 0 86 375 1984 1858 1222 2250 2016 2360 1960 2650 1970 1279 2923 1989 2143
1838 0 2491 0 128 0 1112 0 0 375 1984 1858 1222 2250 2016 2360 1960 2650 1970 1279 2923 1989 2143
1886 0 2491 0 128 0 968 0 0 375 1984 1858 1222 2250 2016 2360 1960 2650 1970 1279 2923 1989 2143
1934 0 2491 0 128 0 824 0 0 375 1984 1858 1222 2250 2016 2360 1960 2650 1970 1279 2923 1989 2143
1982 0 2491 0 128 0 680 0 0 375 1984 1858 1222 2250 2016 2360 1960 2650 1970 1279 2923 1989 2143
2341 0 2491 0 88 0 680 0 0 375 1984 1858 1222 2250 2016 2360 1960 2650 1970 1279 2923 1989 2143
3092 0 2491 0 88 0 728 0 0 375 1984 1858 1222 2250 2016 2360 1960 2650 1970 1279 2923 1989 2143
