# dynamixel ids: 47 37 46 36 44 34 45 35 33 43 31 41 1 2 3 4 21 22 5 6 19 20 
203 0 1760 0 148 0 1248 0 0 2028 2007 195 1509 2111 2027 2246 1966 2436 1939 1082 2935 1991 2144
251 0 1760 0 148 0 1387 0 0 2028 2007 195 1509 2111 2027 2246 1966 2436 1939 1082 2935 1991 2144
299 0 1760 0 148 0 1520 0 0 2028 2007 195 1509 2111 2027 2246 1966 2436 1939 1082 2935 1991 2144
356 0 1760 0 148 0 1568 0 0 2028 2007 195 1509 2111 2027 2246 1966 2436 1939 1082 2935 1991 2144
404 0 1760 0 148 0 1712 0 0 2028 2007 195 1509 2111 2027 2246 1966 2436 1939 1082 2935 1991 2144
456 0 1760 0 148 0 1768 0 0 2028 2007 195 1509 2111 2027 2246 1966 2436 1939 1082 2935 1991 2144
605 0 1760 0 148 0 1805 0 0 2028 2007 195 1509 2111 2027 2246 1966 2436 1939 1082 2935 1991 2144
708 0 1760 0 148 0 1752 0 0 2028 2007 195 1509 2111 2027 2246 1966 2436 1939 1082 2935 1991 2144
761 0 1760 0 148 0 1672 0 0 2028 2007 195 1509 2111 2027 2246 1966 2436 1939 1082 2935 1991 2144
864 0 1760 0 148 0 1579 0 0 2028 2007 195 1509 2111 2027 2246 1966 2436 1939 1082 2935 1991 2144
1007 0 1760 0 148 0 1595 0 0 2028 2007 195 1509 2111 2027 2246 1966 2436 1939 1082 2935 1991 2144
1110 0 1760 0 148 0 1661 0 0 2028 2007 195 1509 2111 2027 2246 1966 2436 1939 1082 2935 1991 2144
1157 0 1760 0 148 0 1805 0 0 2028 2007 195 1509 2111 2027 2246 1966 2436 1939 1082 2935 1991 2144
1206 0 1760 0 148 0 1915 0 0 2028 2007 195 1509 2111 2027 2246 1966 2436 1939 1082 2935 1991 2144
1259 0 1760 0 196 0 1947 0 0 2028 2007 195 1509 2111 2027 2246 1966 2436 1939 1082 2935 1991 2144
1307 0 1760 0 307 0 1947 0 0 2028 2007 195 1509 2111 2027 2246 1966 2436 1939 1082 2935 1991 2144
1370 0 1760 0 355 0 1899 0 0 2028 2007 195 1509 2111 2027 2246 1966 2436 1939 1082 2935 1991 2144
1465 0 1760 0 485 0 1893 0 0 2028 2007 195 1509 2111 2027 2246 1966 2436 1939 1082 2935 1991 2144
1564 0 1760 0 595 0 1893 0 0 2028 2007 195 1509 2111 2027 2246 1966 2436 1939 1082 2935 1991 2144
1624 0 1760 0 694 0 1845 0 48 2028 2007 195 1509 2111 2027 2246 1966 2436 1939 1082 2935 1991 2144
1668 0 1760 0 726 0 1840 0 100 2028 2007 195 1509 2111 2027 2246 1966 2436 1939 1082 2935 1991 2144
1720 0 1760 0 774 0 1840 0 148 2028 2007 195 1509 2111 2027 2246 1966 2436 1939 1082 2935 1991 2144
1761 0 1760 0 776 0 1840 0 244 2028 2007 195 1509 2111 2027 2246 1966 2436 1939 1082 2935 1991 2144
1815 0 1760 0 824 0 1840 0 348 2028 2007 195 1509 2111 2027 2246 1966 2436 1939 1082 2935 1991 2144
1869 0 1760 0 836 0 1840 0 492 2028 2007 195 1509 2111 2027 2246 1966 2436 1939 1082 2935 1991 2144
1917 0 1760 0 836 0 1840 0 636 2028 2007 195 1509 2111 2027 2246 1966 2436 1939 1082 2935 1991 2144
1977 0 1760 0 884 0 1888 0 780 2028 2007 195 1509 2111 2027 2246 1966 2436 1939 1082 2935 1991 2144
2027 0 1760 0 936 0 1893 0 876 2028 2007 195 1509 2111 2027 2246 1966 2436 1939 1082 2935 1991 2144
2087 0 1760 0 936 0 1989 0 1020 2028 2007 195 1509 2111 2027 2246 1966 2436 1939 1082 2935 1991 2144
2131 0 1760 0 936 0 2085 0 1116 2028 2007 195 1509 2111 2027 2246 1966 2436 1939 1082 2935 1991 2144
2181 0 1760 0 984 0 2168 0 1212 2028 2007 195 1509 2111 2027 2246 1966 2436 1939 1082 2935 1991 2144
2238 0 1760 0 1033 0 2213 0 1308 2028 2007 195 1509 2111 2027 2246 1966 2436 1939 1082 2935 1991 2144
2291 0 1760 0 1065 0 2213 0 1452 2028 2007 195 1509 2111 2027 2246 1966 2436 1939 1082 2935 1991 2144
2336 0 1760 0 1145 0 2213 0 1548 2028 2007 195 1509 2111 2027 2246 1966 2436 1939 1082 2935 1991 2144
2383 0 1760 0 1145 0 2213 0 1692 2028 2007 195 1509 2111 2027 2246 1966 2436 1939 1082 2935 1991 2144
2431 0 1760 0 1145 0 2147 0 1700 2028 2007 195 1509 2111 2027 2246 1966 2436 1939 1082 2935 1991 2144
2564 0 1760 0 1097 0 2099 0 1700 2028 2007 195 1509 2111 2027 2246 1966 2436 1939 1082 2935 1991 2144
2965 0 1760 0 1095 0 2045 0 1700 2028 2007 195 1509 2111 2027 2246 1966 2436 1939 1082 2935 1991 2144
