# dynamixel ids: 47 37 46 36 44 34 45 35 33 43 31 41 1 2 3 4 21 22 5 6 19 20 
1025 0 1760 0 1135 0 1933 0 1500 2028 2007 195 1509 2111 2027 2246 1966 2436 1939 1082 2935 1991 2144
1390 0 1760 0 1087 0 1933 0 1452 2028 2007 195 1509 2111 2027 2246 1966 2436 1939 1082 2935 1991 2144
1434 0 1760 0 991 0 1933 0 1356 2028 2007 195 1509 2111 2027 2246 1966 2436 1939 1082 2935 1991 2144
1478 0 1760 0 895 0 1933 0 1260 2028 2007 195 1509 2111 2027 2246 1966 2436 1939 1082 2935 1991 2144
1522 0 1760 0 799 0 1933 0 1164 2028 2007 195 1509 2111 2027 2246 1966 2436 1939 1082 2935 1991 2144
1566 0 1760 0 703 0 1933 0 1068 2028 2007 195 1509 2111 2027 2246 1966 2436 1939 1082 2935 1991 2144
1610 0 1760 0 607 0 1933 0 972 2028 2007 195 1509 2111 2027 2246 1966 2436 1939 1082 2935 1991 2144
1654 0 1760 0 511 0 1933 0 876 2028 2007 195 1509 2111 2027 2246 1966 2436 1939 1082 2935 1991 2144
1697 0 1760 0 415 0 1933 0 780 2028 2007 195 1509 2111 2027 2246 1966 2436 1939 1082 2935 1991 2144
1741 0 1760 0 319 0 1933 0 684 2028 2007 195 1509 2111 2027 2246 1966 2436 1939 1082 2935 1991 2144
1785 0 1760 0 223 0 1933 0 588 2028 2007 195 1509 2111 2027 2246 1966 2436 1939 1082 2935 1991 2144
1829 0 1760 0 127 0 1933 0 492 2028 2007 195 1509 2111 2027 2246 1966 2436 1939 1082 2935 1991 2144
1889 0 1760 0 146 0 1933 0 348 2028 2007 195 1509 2111 2027 2246 1966 2436 1939 1082 2935 1991 2144
1943 0 1760 0 148 0 1933 0 204 2028 2007 195 1509 2111 2027 2246 1966 2436 1939 1082 2935 1991 2144
2003 0 1760 0 148 0 1880 0 60 2028 2007 195 1509 2111 2027 2246 1966 2436 1939 1082 2935 1991 2144
2183 0 1760 0 148 0 1832 0 0 2028 2007 195 1509 2111 2027 2246 1966 2436 1939 1082 2935 1991 2144
2231 0 1760 0 148 0 1688 0 0 2028 2007 195 1509 2111 2027 2246 1966 2436 1939 1082 2935 1991 2144
2286 0 1760 0 100 0 1544 0 0 2028 2007 195 1509 2111 2027 2246 1966 2436 1939 1082 2935 1991 2144
2331 0 1760 0 118 0 1448 0 0 2028 2007 195 1509 2111 2027 2246 1966 2436 1939 1082 2935 1991 2144
2379 0 1760 0 118 0 1304 0 0 2028 2007 195 1509 2111 2027 2246 1966 2436 1939 1082 2935 1991 2144
2427 0 1760 0 118 0 1160 0 0 2028 2007 195 1509 2111 2027 2246 1966 2436 1939 1082 2935 1991 2144
2475 0 1760 0 118 0 1016 0 0 2028 2007 195 1509 2111 2027 2246 1966 2436 1939 1082 2935 1991 2144
2523 0 1760 0 118 0 872 0 0 2028 2007 195 1509 2111 2027 2246 1966 2436 1939 1082 2935 1991 2144
2782 0 1760 0 118 0 848 0 0 2028 2007 195 1509 2111 2027 2246 1966 2436 1939 1082 2935 1991 2144
3027 0 1760 0 118 0 805 0 0 2028 2007 195 1509 2111 2027 2246 1966 2436 1939 1082 2935 1991 2144
3230 0 1760 0 118 0 752 0 0 2028 2007 195 1509 2111 2027 2246 1966 2436 1939 1082 2935 1991 2144
