# dynamixel ids: 47 37 46 36 44 34 45 35 33 43 31 41 1 2 3 4 21 22 5 6 19 20 
1363 0 1640 0 128 0 675 0 0 2028 2007 195 1509 2111 2027 2246 1966 2436 1939 1082 2935 1991 2144
1466 0 1640 0 128 0 768 0 0 2028 2007 195 1509 2111 2027 2246 1966 2436 1939 1082 2935 1991 2144
2061 0 1640 0 128 0 821 0 0 2028 2007 195 1509 2111 2027 2246 1966 2436 1939 1082 2935 1991 2144
2113 0 1640 0 128 0 875 0 0 2028 2007 195 1509 2111 2027 2246 1966 2436 1939 1082 2935 1991 2144
2461 0 1640 0 128 0 955 0 0 2028 2007 195 1509 2111 2027 2246 1966 2436 1939 1082 2935 1991 2144
2566 0 1640 0 128 0 1035 0 0 2028 2007 195 1509 2111 2027 2246 1966 2436 1939 1082 2935 1991 2144
2613 0 1640 0 128 0 1179 0 0 2028 2007 195 1509 2111 2027 2246 1966 2436 1939 1082 2935 1991 2144
2661 0 1640 0 128 0 1323 0 0 2028 2007 195 1509 2111 2027 2246 1966 2436 1939 1082 2935 1991 2144
2709 0 1640 0 128 0 1467 0 0 2028 2007 195 1509 2111 2027 2246 1966 2436 1939 1082 2935 1991 2144
2757 0 1640 0 128 0 1611 0 0 2028 2007 195 1509 2111 2027 2246 1966 2436 1939 1082 2935 1991 2144
2805 0 1640 0 128 0 1755 0 0 2028 2007 195 1509 2111 2027 2246 1966 2436 1939 1082 2935 1991 2144
2857 0 1640 0 128 0 1899 0 0 2028 2007 195 1509 2111 2027 2246 1966 2436 1939 1082 2935 1991 2144
2905 0 1640 0 128 0 2043 0 0 2028 2007 195 1509 2111 2027 2246 1966 2436 1939 1082 2935 1991 2144
2953 0 1640 0 128 0 2187 0 0 2028 2007 195 1509 2111 2027 2246 1966 2436 1939 1082 2935 1991 2144
3001 0 1640 0 128 0 2331 0 0 2028 2007 195 1509 2111 2027 2246 1966 2436 1939 1082 2935 1991 2144
3049 0 1640 0 128 0 2475 0 0 2028 2007 195 1509 2111 2027 2246 1966 2436 1939 1082 2935 1991 2144
3168 0 1640 0 168 0 2459 0 0 2028 2007 195 1509 2111 2027 2246 1966 2436 1939 1082 2935 1991 2144
3273 0 1640 0 216 0 2325 0 0 2028 2007 195 1509 2111 2027 2246 1966 2436 1939 1082 2935 1991 2144
3317 0 1640 0 267 0 2267 0 0 2028 2007 195 1509 2111 2027 2246 1966 2436 1939 1082 2935 1991 2144
3470 0 1640 0 315 0 2219 0 0 2028 2007 195 1509 2111 2027 2246 1966 2436 1939 1082 2935 1991 2144
3514 0 1640 0 411 0 2123 0 0 2028 2007 195 1509 2111 2027 2246 1966 2436 1939 1082 2935 1991 2144
3574 0 1640 0 555 0 2080 0 48 2028 2007 195 1509 2111 2027 2246 1966 2436 1939 1082 2935 1991 2144
3628 0 1640 0 557 0 2080 0 150 2028 2007 195 1509 2111 2027 2246 1966 2436 1939 1082 2935 1991 2144
3770 0 1640 0 605 0 2080 0 198 2028 2007 195 1509 2111 2027 2246 1966 2436 1939 1082 2935 1991 2144
3814 0 1640 0 676 0 2080 0 294 2028 2007 195 1509 2111 2027 2246 1966 2436 1939 1082 2935 1991 2144
3862 0 1640 0 676 0 2080 0 438 2028 2007 195 1509 2111 2027 2246 1966 2436 1939 1082 2935 1991 2144
3910 0 1640 0 676 0 2080 0 582 2028 2007 195 1509 2111 2027 2246 1966 2436 1939 1082 2935 1991 2144
3954 0 1640 0 676 0 2027 0 678 2028 2007 195 1509 2111 2027 2246 1966 2436 1939 1082 2935 1991 2144
4002 0 1640 0 676 0 2027 0 822 2028 2007 195 1509 2111 2027 2246 1966 2436 1939 1082 2935 1991 2144
4050 0 1640 0 676 0 2027 0 966 2028 2007 195 1509 2111 2027 2246 1966 2436 1939 1082 2935 1991 2144
4098 0 1640 0 676 0 2027 0 1110 2028 2007 195 1509 2111 2027 2246 1966 2436 1939 1082 2935 1991 2144
4146 0 1640 0 676 0 2027 0 1254 2028 2007 195 1509 2111 2027 2246 1966 2436 1939 1082 2935 1991 2144
4420 0 1640 0 724 0 2027 0 1300 2028 2007 195 1509 2111 2027 2246 1966 2436 1939 1082 2935 1991 2144
4468 0 1640 0 864 0 2027 0 1300 2028 2007 195 1509 2111 2027 2246 1966 2436 1939 1082 2935 1991 2144
4573 0 1640 0 984 0 2027 0 1348 2028 2007 195 1509 2111 2027 2246 1966 2436 1939 1082 2935 1991 2144
4627 0 1640 0 1025 0 2027 0 1492 2028 2007 195 1509 2111 2027 2246 1966 2436 1939 1082 2935 1991 2144
4675 0 1640 0 1025 0 2027 0 1600 2028 2007 195 1509 2111 2027 2246 1966 2436 1939 1082 2935 1991 2144
4772 0 1640 0 1025 0 1979 0 1600 2028 2007 195 1509 2111 2027 2246 1966 2436 1939 1082 2935 1991 2144
5418 0 1640 0 1025 0 1925 0 1600 2028 2007 195 1509 2111 2027 2246 1966 2436 1939 1082 2935 1991 2144
6416 0 1640 0 985 0 1920 0 1600 2028 2007 195 1509 2111 2027 2246 1966 2436 1939 1082 2935 1991 2144
6573 0 1640 0 985 0 1872 0 1600 2028 2007 195 1509 2111 2027 2246 1966 2436 1939 1082 2935 1991 2144
7018 0 1640 0 985 0 1867 0 1648 2028 2007 195 1509 2111 2027 2246 1966 2436 1939 1082 2935 1991 2144
7066 0 1640 0 985 0 1867 0 1792 2028 2007 195 1509 2111 2027 2246 1966 2436 1939 1082 2935 1991 2144
7115 0 1640 0 985 0 1867 0 1900 2028 2007 195 1509 2111 2027 2246 1966 2436 1939 1082 2935 1991 2144
8067 0 1640 0 985 0 1819 0 1900 2028 2007 195 1509 2111 2027 2246 1966 2436 1939 1082 2935 1991 2144
8522 0 1640 0 985 0 1813 0 1852 2028 2007 195 1509 2111 2027 2246 1966 2436 1939 1082 2935 1991 2144
8570 0 1640 0 985 0 1813 0 1708 2028 2007 195 1509 2111 2027 2246 1966 2436 1939 1082 2935 1991 2144
