# dynamixel ids: 47 37 46 36 44 34 45 35 33 43 31 41 1 2 3 4 21 22 5 6 19 20 
1651 0 1640 0 945 0 1653 0 1452 2028 2007 195 1509 2111 2027 2246 1966 2436 1939 1082 2935 1991 2144
1699 0 1640 0 945 0 1653 0 1308 2028 2007 195 1509 2111 2027 2246 1966 2436 1939 1082 2935 1991 2144
1804 0 1640 0 897 0 1653 0 1202 2028 2007 195 1509 2111 2027 2246 1966 2436 1939 1082 2935 1991 2144
1848 0 1640 0 801 0 1653 0 1106 2028 2007 195 1509 2111 2027 2246 1966 2436 1939 1082 2935 1991 2144
1892 0 1640 0 705 0 1653 0 1010 2028 2007 195 1509 2111 2027 2246 1966 2436 1939 1082 2935 1991 2144
1936 0 1640 0 609 0 1653 0 914 2028 2007 195 1509 2111 2027 2246 1966 2436 1939 1082 2935 1991 2144
1980 0 1640 0 513 0 1653 0 818 2028 2007 195 1509 2111 2027 2246 1966 2436 1939 1082 2935 1991 2144
2024 0 1640 0 417 0 1653 0 722 2028 2007 195 1509 2111 2027 2246 1966 2436 1939 1082 2935 1991 2144
2068 0 1640 0 321 0 1653 0 626 2028 2007 195 1509 2111 2027 2246 1966 2436 1939 1082 2935 1991 2144
2112 0 1640 0 225 0 1653 0 530 2028 2007 195 1509 2111 2027 2246 1966 2436 1939 1082 2935 1991 2144
2156 0 1640 0 168 0 1653 0 434 2028 2007 195 1509 2111 2027 2246 1966 2436 1939 1082 2935 1991 2144
2204 0 1640 0 168 0 1653 0 290 2028 2007 195 1509 2111 2027 2246 1966 2436 1939 1082 2935 1991 2144
2252 0 1640 0 168 0 1653 0 146 2028 2007 195 1509 2111 2027 2246 1966 2436 1939 1082 2935 1991 2144
2300 0 1640 0 168 0 1653 0 2 2028 2007 195 1509 2111 2027 2246 1966 2436 1939 1082 2935 1991 2144
3053 0 1640 0 128 0 1701 0 0 2028 2007 195 1509 2111 2027 2246 1966 2436 1939 1082 2935 1991 2144
3095 0 1640 0 128 0 1659 0 0 2028 2007 195 1509 2111 2027 2246 1966 2436 1939 1082 2935 1991 2144
3143 0 1640 0 128 0 1515 0 0 2028 2007 195 1509 2111 2027 2246 1966 2436 1939 1082 2935 1991 2144
3191 0 1640 0 128 0 1371 0 0 2028 2007 195 1509 2111 2027 2246 1966 2436 1939 1082 2935 1991 2144
3239 0 1640 0 128 0 1227 0 0 2028 2007 195 1509 2111 2027 2246 1966 2436 1939 1082 2935 1991 2144
3286 0 1640 0 128 0 1083 0 0 2028 2007 195 1509 2111 2027 2246 1966 2436 1939 1082 2935 1991 2144
3334 0 1640 0 128 0 939 0 0 2028 2007 195 1509 2111 2027 2246 1966 2436 1939 1082 2935 1991 2144
3382 0 1640 0 128 0 795 0 0 2028 2007 195 1509 2111 2027 2246 1966 2436 1939 1082 2935 1991 2144
3431 0 1640 0 128 0 651 0 0 2028 2007 195 1509 2111 2027 2246 1966 2436 1939 1082 2935 1991 2144
