# dynamixel ids: 47 37 46 36 44 34 45 35 33 43 31 41 1 2 3 4 21 22 5 6 19 20 
187 0 2348 0 78 0 1245 0 0 375 1984 1858 1222 2250 2016 2360 1960 2650 1970 1279 2923 1989 2143
441 0 2348 0 118 0 1240 0 0 375 1984 1858 1222 2250 2016 2360 1960 2650 1970 1279 2923 1989 2143
1041 0 2348 0 118 0 1288 0 0 375 1984 1858 1222 2250 2016 2360 1960 2650 1970 1279 2923 1989 2143
1295 0 2348 0 118 0 1368 0 0 375 1984 1858 1222 2250 2016 2360 1960 2650 1970 1279 2923 1989 2143
1344 0 2348 0 118 0 1512 0 0 375 1984 1858 1222 2250 2016 2360 1960 2650 1970 1279 2923 1989 2143
1392 0 2348 0 118 0 1656 0 0 375 1984 1858 1222 2250 2016 2360 1960 2650 1970 1279 2923 1989 2143
1440 0 2348 0 118 0 1800 0 0 375 1984 1858 1222 2250 2016 2360 1960 2650 1970 1279 2923 1989 2143
1488 0 2348 0 118 0 1944 0 0 375 1984 1858 1222 2250 2016 2360 1960 2650 1970 1279 2923 1989 2143
1536 0 2348 0 118 0 2088 0 0 375 1984 1858 1222 2250 2016 2360 1960 2650 1970 1279 2923 1989 2143
1584 0 2348 0 118 0 2232 0 0 375 1984 1858 1222 2250 2016 2360 1960 2650 1970 1279 2923 1989 2143
1632 0 2348 0 118 0 2376 0 0 375 1984 1858 1222 2250 2016 2360 1960 2650 1970 1279 2923 1989 2143
1680 0 2348 0 118 0 2520 0 0 375 1984 1858 1222 2250 2016 2360 1960 2650 1970 1279 2923 1989 2143
1729 0 2348 0 118 0 2664 0 0 375 1984 1858 1222 2250 2016 2360 1960 2650 1970 1279 2923 1989 2143
1777 0 2348 0 118 0 2808 0 0 375 1984 1858 1222 2250 2016 2360 1960 2650 1970 1279 2923 1989 2143
1824 0 2348 0 118 0 2952 0 0 375 1984 1858 1222 2250 2016 2360 1960 2650 1970 1279 2923 1989 2143
1872 0 2348 0 118 0 3096 0 0 375 1984 1858 1222 2250 2016 2360 1960 2650 1970 1279 2923 1989 2143
2142 0 2348 0 166 0 3160 0 0 375 1984 1858 1222 2250 2016 2360 1960 2650 1970 1279 2923 1989 2143
2200 0 2348 0 226 0 3112 0 0 375 1984 1858 1222 2250 2016 2360 1960 2650 1970 1279 2923 1989 2143
2295 0 2348 0 345 0 3093 0 0 375 1984 1858 1222 2250 2016 2360 1960 2650 1970 1279 2923 1989 2143
2349 0 2300 0 415 0 3093 0 48 375 1984 1858 1222 2250 2016 2360 1960 2650 1970 1279 2923 1989 2143
2393 0 2296 0 417 0 3093 0 144 375 1984 1858 1222 2250 2016 2360 1960 2650 1970 1279 2923 1989 2143
2441 0 2296 0 417 0 3093 0 288 375 1984 1858 1222 2250 2016 2360 1960 2650 1970 1279 2923 1989 2143
2489 0 2296 0 417 0 3093 0 432 375 1984 1858 1222 2250 2016 2360 1960 2650 1970 1279 2923 1989 2143
2543 0 2296 0 417 0 3045 0 576 375 1984 1858 1222 2250 2016 2360 1960 2650 1970 1279 2923 1989 2143
2597 0 2296 0 417 0 3040 0 720 375 1984 1858 1222 2250 2016 2360 1960 2650 1970 1279 2923 1989 2143
2645 0 2296 0 417 0 3040 0 864 375 1984 1858 1222 2250 2016 2360 1960 2650 1970 1279 2923 1989 2143
2699 0 2296 0 457 0 3040 0 1008 375 1984 1858 1222 2250 2016 2360 1960 2650 1970 1279 2923 1989 2143
2747 0 2296 0 457 0 3040 0 1152 375 1984 1858 1222 2250 2016 2360 1960 2650 1970 1279 2923 1989 2143
2801 0 2296 0 497 0 3040 0 1296 375 1984 1858 1222 2250 2016 2360 1960 2650 1970 1279 2923 1989 2143
2855 0 2296 0 545 0 3040 0 1440 375 1984 1858 1222 2250 2016 2360 1960 2650 1970 1279 2923 1989 2143
2910 0 2296 0 576 0 3040 0 1584 375 1984 1858 1222 2250 2016 2360 1960 2650 1970 1279 2923 1989 2143
2969 0 2296 0 672 0 3040 0 1728 375 1984 1858 1222 2250 2016 2360 1960 2650 1970 1279 2923 1989 2143
3049 0 2296 0 736 0 2992 0 1800 375 1984 1858 1222 2250 2016 2360 1960 2650 1970 1279 2923 1989 2143
3142 0 2296 0 736 0 2973 0 1752 375 1984 1858 1222 2250 2016 2360 1960 2650 1970 1279 2923 1989 2143
3190 0 2296 0 736 0 2973 0 1608 375 1984 1858 1222 2250 2016 2360 1960 2650 1970 1279 2923 1989 2143
3450 0 2296 0 696 0 2973 0 1552 375 1984 1858 1222 2250 2016 2360 1960 2650 1970 1279 2923 1989 2143
3498 0 2296 0 696 0 2973 0 1408 375 1984 1858 1222 2250 2016 2360 1960 2650 1970 1279 2923 1989 2143
3893 0 2296 0 696 0 2925 0 1400 375 1984 1858 1222 2250 2016 2360 1960 2650 1970 1279 2923 1989 2143
4146 0 2296 0 696 0 2920 0 1352 375 1984 1858 1222 2250 2016 2360 1960 2650 1970 1279 2923 1989 2143
4194 0 2296 0 696 0 2920 0 1208 375 1984 1858 1222 2250 2016 2360 1960 2650 1970 1279 2923 1989 2143
5394 0 2296 0 696 0 2872 0 1200 375 1984 1858 1222 2250 2016 2360 1960 2650 1970 1279 2923 1989 2143
5497 0 2296 0 696 0 2867 0 1152 375 1984 1858 1222 2250 2016 2360 1960 2650 1970 1279 2923 1989 2143
5545 0 2296 0 696 0 2867 0 1008 375 1984 1858 1222 2250 2016 2360 1960 2650 1970 1279 2923 1989 2143
