# dynamixel ids: 47 37 46 36 44 34 45 35 33 43 31 41 1 2 3 4 21 22 5 6 19 20 
732 0 2296 0 696 0 2819 0 1000 375 1984 1858 1222 2250 2016 2360 1960 2650 1970 1279 2923 1989 2143
1089 0 2296 0 648 0 2765 0 952 375 1984 1858 1222 2250 2016 2360 1960 2650 1970 1279 2923 1989 2143
1146 0 2296 0 552 0 2699 0 856 375 1984 1858 1222 2250 2016 2360 1960 2650 1970 1279 2923 1989 2143
1203 0 2296 0 456 0 2603 0 760 375 1984 1858 1222 2250 2016 2360 1960 2650 1970 1279 2923 1989 2143
1259 0 2296 0 360 0 2507 0 664 375 1984 1858 1222 2250 2016 2360 1960 2650 1970 1279 2923 1989 2143
1315 0 2296 0 264 0 2411 0 568 375 1984 1858 1222 2250 2016 2360 1960 2650 1970 1279 2923 1989 2143
1370 0 2296 0 188 0 2315 0 472 375 1984 1858 1222 2250 2016 2360 1960 2650 1970 1279 2923 1989 2143
1414 0 2296 0 188 0 2219 0 376 375 1984 1858 1222 2250 2016 2360 1960 2650 1970 1279 2923 1989 2143
1475 0 2296 0 138 0 2123 0 280 375 1984 1858 1222 2250 2016 2360 1960 2650 1970 1279 2923 1989 2143
1519 0 2296 0 138 0 2027 0 184 375 1984 1858 1222 2250 2016 2360 1960 2650 1970 1279 2923 1989 2143
1563 0 2296 0 138 0 1931 0 88 375 1984 1858 1222 2250 2016 2360 1960 2650 1970 1279 2923 1989 2143
1607 0 2296 0 138 0 1835 0 0 375 1984 1858 1222 2250 2016 2360 1960 2650 1970 1279 2923 1989 2143
1655 0 2296 0 138 0 1691 0 0 375 1984 1858 1222 2250 2016 2360 1960 2650 1970 1279 2923 1989 2143
1704 0 2296 0 138 0 1547 0 0 375 1984 1858 1222 2250 2016 2360 1960 2650 1970 1279 2923 1989 2143
1752 0 2296 0 138 0 1403 0 0 375 1984 1858 1222 2250 2016 2360 1960 2650 1970 1279 2923 1989 2143
1800 0 2296 0 138 0 1259 0 0 375 1984 1858 1222 2250 2016 2360 1960 2650 1970 1279 2923 1989 2143
1848 0 2296 0 138 0 1115 0 0 375 1984 1858 1222 2250 2016 2360 1960 2650 1970 1279 2923 1989 2143
1897 0 2296 0 138 0 971 0 0 375 1984 1858 1222 2250 2016 2360 1960 2650 1970 1279 2923 1989 2143
