# dynamixel ids: 47 37 46 36 44 34 45 35 33 43 31 41 1 2 3 4 21 22 5 6 19 20 
2 0 3000 0 475 0 1253 0 0 2004 2007 2211 1521 2298 2030 2184 1961 2650 1943 1383 2935 1990 2143
145 0 3000 0 535 0 1253 0 0 2004 2007 2211 1521 2298 2030 2184 1961 2650 1943 1383 2935 1990 2143
1254 0 2952 0 537 0 1253 0 0 2004 2007 2211 1521 2298 2030 2184 1961 2650 1943 1383 2935 1990 2143
1403 0 2848 0 537 0 1253 0 0 2004 2007 2211 1521 2298 2030 2184 1961 2650 1943 1383 2935 1990 2143
1451 0 2704 0 537 0 1253 0 0 2004 2007 2211 1521 2298 2030 2184 1961 2650 1943 1383 2935 1990 2143
1505 0 2560 0 497 0 1253 0 0 2004 2007 2211 1521 2298 2030 2184 1961 2650 1943 1383 2935 1990 2143
1554 0 2416 0 497 0 1253 0 0 2004 2007 2211 1521 2298 2030 2184 1961 2650 1943 1383 2935 1990 2143
1602 0 2272 0 497 0 1253 0 0 2004 2007 2211 1521 2298 2030 2184 1961 2650 1943 1383 2935 1990 2143
1650 0 2128 0 497 0 1253 0 0 2004 2007 2211 1521 2298 2030 2184 1961 2650 1943 1383 2935 1990 2143
1699 0 1984 0 497 0 1253 0 0 2004 2007 2211 1521 2298 2030 2184 1961 2650 1943 1383 2935 1990 2143
1747 0 1840 0 497 0 1253 0 0 2004 2007 2211 1521 2298 2030 2184 1961 2650 1943 1383 2935 1990 2143
1795 0 1696 0 497 0 1253 0 0 2004 2007 2211 1521 2298 2030 2184 1961 2650 1943 1383 2935 1990 2143
1844 0 1552 0 497 0 1253 0 0 2004 2007 2211 1521 2298 2030 2184 1961 2650 1943 1383 2935 1990 2143
1892 0 1408 0 497 0 1253 0 0 2004 2007 2211 1521 2298 2030 2184 1961 2650 1943 1383 2935 1990 2143
1940 0 1264 0 497 0 1253 0 0 2004 2007 2211 1521 2298 2030 2184 1961 2650 1943 1383 2935 1990 2143
1987 0 1120 0 497 0 1253 0 0 2004 2007 2211 1521 2298 2030 2184 1961 2650 1943 1383 2935 1990 2143
2035 0 976 0 497 0 1253 0 0 2004 2007 2211 1521 2298 2030 2184 1961 2650 1943 1383 2935 1990 2143
2083 0 832 0 497 0 1253 0 0 2004 2007 2211 1521 2298 2030 2184 1961 2650 1943 1383 2935 1990 2143
2131 0 688 0 497 0 1253 0 0 2004 2007 2211 1521 2298 2030 2184 1961 2650 1943 1383 2935 1990 2143
2175 0 592 0 401 0 1253 0 0 2004 2007 2211 1521 2298 2030 2184 1961 2650 1943 1383 2935 1990 2143
2229 0 448 0 377 0 1253 0 0 2004 2007 2211 1521 2298 2030 2184 1961 2650 1943 1383 2935 1990 2143
2283 0 304 0 337 0 1253 0 0 2004 2007 2211 1521 2298 2030 2184 1961 2650 1943 1383 2935 1990 2143
2331 0 160 0 337 0 1253 0 0 2004 2007 2211 1521 2298 2030 2184 1961 2650 1943 1383 2935 1990 2143
2379 0 16 0 337 0 1253 0 0 2004 2007 2211 1521 2298 2030 2184 1961 2650 1943 1383 2935 1990 2143
2504 0 0 0 209 0 1253 0 0 2004 2007 2211 1521 2298 2030 2184 1961 2650 1943 1383 2935 1990 2143
2607 0 0 0 158 0 1253 0 0 2004 2007 2211 1521 2298 2030 2184 1961 2650 1943 1383 2935 1990 2143
