# dynamixel ids: 47 37 46 36 44 34 45 35 33 43 31 41 1 2 3 4 21 22 5 6 19 20 
169 0 2713 0 168 0 733 0 0 375 1984 1858 1222 2250 2016 2360 1960 2650 1970 1279 2923 1989 2143
869 0 2713 0 168 0 781 0 0 375 1984 1858 1222 2250 2016 2360 1960 2650 1970 1279 2923 1989 2143
1163 0 2713 0 168 0 835 0 0 375 1984 1858 1222 2250 2016 2360 1960 2650 1970 1279 2923 1989 2143
1211 0 2713 0 168 0 979 0 0 375 1984 1858 1222 2250 2016 2360 1960 2650 1970 1279 2923 1989 2143
1259 0 2713 0 168 0 1123 0 0 375 1984 1858 1222 2250 2016 2360 1960 2650 1970 1279 2923 1989 2143
1308 0 2713 0 168 0 1267 0 0 375 1984 1858 1222 2250 2016 2360 1960 2650 1970 1279 2923 1989 2143
1356 0 2713 0 168 0 1411 0 0 375 1984 1858 1222 2250 2016 2360 1960 2650 1970 1279 2923 1989 2143
1403 0 2713 0 168 0 1555 0 0 375 1984 1858 1222 2250 2016 2360 1960 2650 1970 1279 2923 1989 2143
1451 0 2713 0 168 0 1699 0 0 375 1984 1858 1222 2250 2016 2360 1960 2650 1970 1279 2923 1989 2143
1499 0 2713 0 168 0 1843 0 0 375 1984 1858 1222 2250 2016 2360 1960 2650 1970 1279 2923 1989 2143
1547 0 2713 0 168 0 1987 0 0 375 1984 1858 1222 2250 2016 2360 1960 2650 1970 1279 2923 1989 2143
1595 0 2713 0 168 0 2131 0 0 375 1984 1858 1222 2250 2016 2360 1960 2650 1970 1279 2923 1989 2143
1643 0 2713 0 168 0 2275 0 0 375 1984 1858 1222 2250 2016 2360 1960 2650 1970 1279 2923 1989 2143
1691 0 2713 0 168 0 2419 0 0 375 1984 1858 1222 2250 2016 2360 1960 2650 1970 1279 2923 1989 2143
1739 0 2713 0 168 0 2563 0 0 375 1984 1858 1222 2250 2016 2360 1960 2650 1970 1279 2923 1989 2143
1787 0 2713 0 168 0 2707 0 0 375 1984 1858 1222 2250 2016 2360 1960 2650 1970 1279 2923 1989 2143
1835 0 2713 0 168 0 2851 0 0 375 1984 1858 1222 2250 2016 2360 1960 2650 1970 1279 2923 1989 2143
1883 0 2713 0 168 0 2995 0 0 375 1984 1858 1222 2250 2016 2360 1960 2650 1970 1279 2923 1989 2143
1931 0 2713 0 168 0 3139 0 0 375 1984 1858 1222 2250 2016 2360 1960 2650 1970 1279 2923 1989 2143
2020 0 2713 0 168 0 3275 0 0 375 1984 1858 1222 2250 2016 2360 1960 2650 1970 1279 2923 1989 2143
2173 0 2713 0 216 0 3293 0 0 375 1984 1858 1222 2250 2016 2360 1960 2650 1970 1279 2923 1989 2143
2221 0 2713 0 360 0 3293 0 0 375 1984 1858 1222 2250 2016 2360 1960 2650 1970 1279 2923 1989 2143
2279 0 2713 0 455 0 3245 0 0 375 1984 1858 1222 2250 2016 2360 1960 2650 1970 1279 2923 1989 2143
2333 0 2713 0 599 0 3213 0 0 375 1984 1858 1222 2250 2016 2360 1960 2650 1970 1279 2923 1989 2143
2381 0 2713 0 732 0 3213 0 0 375 1984 1858 1222 2250 2016 2360 1960 2650 1970 1279 2923 1989 2143
2429 0 2713 0 834 0 3213 0 0 375 1984 1858 1222 2250 2016 2360 1960 2650 1970 1279 2923 1989 2143
2530 0 2713 0 954 0 3165 0 48 375 1984 1858 1222 2250 2016 2360 1960 2650 1970 1279 2923 1989 2143
2574 0 2713 0 985 0 3147 0 144 375 1984 1858 1222 2250 2016 2360 1960 2650 1970 1279 2923 1989 2143
2628 0 2713 0 1033 0 3147 0 288 375 1984 1858 1222 2250 2016 2360 1960 2650 1970 1279 2923 1989 2143
2682 0 2713 0 1035 0 3147 0 432 375 1984 1858 1222 2250 2016 2360 1960 2650 1970 1279 2923 1989 2143
2742 0 2713 0 1095 0 3147 0 576 375 1984 1858 1222 2250 2016 2360 1960 2650 1970 1279 2923 1989 2143
2790 0 2713 0 1095 0 3147 0 720 375 1984 1858 1222 2250 2016 2360 1960 2650 1970 1279 2923 1989 2143
2850 0 2713 0 1191 0 3147 0 864 375 1984 1858 1222 2250 2016 2360 1960 2650 1970 1279 2923 1989 2143
2894 0 2713 0 1275 0 3147 0 960 375 1984 1858 1222 2250 2016 2360 1960 2650 1970 1279 2923 1989 2143
2942 0 2713 0 1275 0 3147 0 1104 375 1984 1858 1222 2250 2016 2360 1960 2650 1970 1279 2923 1989 2143
2990 0 2713 0 1275 0 3147 0 1248 375 1984 1858 1222 2250 2016 2360 1960 2650 1970 1279 2923 1989 2143
3050 0 2713 0 1324 0 3147 0 1392 375 1984 1858 1222 2250 2016 2360 1960 2650 1970 1279 2923 1989 2143
3098 0 2713 0 1324 0 3147 0 1536 375 1984 1858 1222 2250 2016 2360 1960 2650 1970 1279 2923 1989 2143
3158 0 2713 0 1394 0 3147 0 1680 375 1984 1858 1222 2250 2016 2360 1960 2650 1970 1279 2923 1989 2143
3206 0 2713 0 1394 0 3147 0 1824 375 1984 1858 1222 2250 2016 2360 1960 2650 1970 1279 2923 1989 2143
3254 0 2713 0 1394 0 3147 0 1968 375 1984 1858 1222 2250 2016 2360 1960 2650 1970 1279 2923 1989 2143
3303 0 2713 0 1394 0 3147 0 2112 375 1984 1858 1222 2250 2016 2360 1960 2650 1970 1279 2923 1989 2143
3351 0 2713 0 1394 0 3147 0 2256 375 1984 1858 1222 2250 2016 2360 1960 2650 1970 1279 2923 1989 2143
3395 0 2765 0 1394 0 3147 0 2352 375 1984 1858 1222 2250 2016 2360 1960 2650 1970 1279 2923 1989 2143
3443 0 2765 0 1394 0 3147 0 2496 375 1984 1858 1222 2250 2016 2360 1960 2650 1970 1279 2923 1989 2143
3491 0 2765 0 1394 0 3147 0 2640 375 1984 1858 1222 2250 2016 2360 1960 2650 1970 1279 2923 1989 2143
3539 0 2765 0 1394 0 3147 0 2784 375 1984 1858 1222 2250 2016 2360 1960 2650 1970 1279 2923 1989 2143
3598 0 2765 0 1394 0 3080 0 2928 375 1984 1858 1222 2250 2016 2360 1960 2650 1970 1279 2923 1989 2143
3717 0 2765 0 1346 0 3080 0 3000 375 1984 1858 1222 2250 2016 2360 1960 2650 1970 1279 2923 1989 2143
4172 0 2765 0 1344 0 3080 0 2952 375 1984 1858 1222 2250 2016 2360 1960 2650 1970 1279 2923 1989 2143
4220 0 2765 0 1344 0 3080 0 2808 375 1984 1858 1222 2250 2016 2360 1960 2650 1970 1279 2923 1989 2143
4474 0 2765 0 1344 0 3032 0 2800 375 1984 1858 1222 2250 2016 2360 1960 2650 1970 1279 2923 1989 2143
4526 0 2765 0 1344 0 3027 0 2752 375 1984 1858 1222 2250 2016 2360 1960 2650 1970 1279 2923 1989 2143
