# dynamixel ids: 47 37 46 36 44 34 45 35 33 43 31 41 1 2 3 4 21 22 5 6 19 20 
33 0 2765 0 1514 0 2899 0 2200 375 1984 1858 1222 2250 2016 2360 1960 2650 1970 1279 2923 1989 2143
176 0 2765 0 1514 0 2928 0 2200 375 1984 1858 1222 2250 2016 2360 1960 2650 1970 1279 2923 1989 2143
536 0 2765 0 1514 0 2885 0 2152 375 1984 1858 1222 2250 2016 2360 1960 2650 1970 1279 2923 1989 2143
596 0 2765 0 1514 0 2901 0 2008 375 1984 1858 1222 2250 2016 2360 1960 2650 1970 1279 2923 1989 2143
685 0 2765 0 1514 0 2885 0 2000 375 1984 1858 1222 2250 2016 2360 1960 2650 1970 1279 2923 1989 2143
778 0 2765 0 1514 0 2928 0 2000 375 1984 1858 1222 2250 2016 2360 1960 2650 1970 1279 2923 1989 2143
836 0 2765 0 1554 0 2885 0 2000 375 1984 1858 1222 2250 2016 2360 1960 2650 1970 1279 2923 1989 2143
1181 0 2765 0 1554 0 2867 0 1952 375 1984 1858 1222 2250 2016 2360 1960 2650 1970 1279 2923 1989 2143
1229 0 2765 0 1554 0 2867 0 1808 375 1984 1858 1222 2250 2016 2360 1960 2650 1970 1279 2923 1989 2143
1293 0 2765 0 1506 0 2915 0 1752 375 1984 1858 1222 2250 2016 2360 1960 2650 1970 1279 2923 1989 2143
1343 0 2765 0 1410 0 2920 0 1656 375 1984 1858 1222 2250 2016 2360 1960 2650 1970 1279 2923 1989 2143
1386 0 2765 0 1314 0 2920 0 1560 375 1984 1858 1222 2250 2016 2360 1960 2650 1970 1279 2923 1989 2143
1430 0 2765 0 1218 0 2920 0 1464 375 1984 1858 1222 2250 2016 2360 1960 2650 1970 1279 2923 1989 2143
1474 0 2765 0 1122 0 2920 0 1368 375 1984 1858 1222 2250 2016 2360 1960 2650 1970 1279 2923 1989 2143
1518 0 2765 0 1026 0 2920 0 1272 375 1984 1858 1222 2250 2016 2360 1960 2650 1970 1279 2923 1989 2143
1563 0 2765 0 930 0 2920 0 1176 375 1984 1858 1222 2250 2016 2360 1960 2650 1970 1279 2923 1989 2143
1607 0 2765 0 834 0 2920 0 1080 375 1984 1858 1222 2250 2016 2360 1960 2650 1970 1279 2923 1989 2143
1651 0 2765 0 738 0 2920 0 984 375 1984 1858 1222 2250 2016 2360 1960 2650 1970 1279 2923 1989 2143
1696 0 2765 0 642 0 2920 0 888 375 1984 1858 1222 2250 2016 2360 1960 2650 1970 1279 2923 1989 2143
1740 0 2765 0 546 0 2920 0 792 375 1984 1858 1222 2250 2016 2360 1960 2650 1970 1279 2923 1989 2143
1784 0 2765 0 450 0 2920 0 696 375 1984 1858 1222 2250 2016 2360 1960 2650 1970 1279 2923 1989 2143
1829 0 2765 0 354 0 2920 0 600 375 1984 1858 1222 2250 2016 2360 1960 2650 1970 1279 2923 1989 2143
1873 0 2765 0 258 0 2920 0 504 375 1984 1858 1222 2250 2016 2360 1960 2650 1970 1279 2923 1989 2143
1917 0 2765 0 162 0 2920 0 408 375 1984 1858 1222 2250 2016 2360 1960 2650 1970 1279 2923 1989 2143
1971 0 2765 0 128 0 2920 0 264 375 1984 1858 1222 2250 2016 2360 1960 2650 1970 1279 2923 1989 2143
2019 0 2765 0 128 0 2920 0 120 375 1984 1858 1222 2250 2016 2360 1960 2650 1970 1279 2923 1989 2143
2068 0 2765 0 128 0 2920 0 0 375 1984 1858 1222 2250 2016 2360 1960 2650 1970 1279 2923 1989 2143
2286 0 2765 0 128 0 2872 0 0 375 1984 1858 1222 2250 2016 2360 1960 2650 1970 1279 2923 1989 2143
2683 0 2765 0 128 0 2819 0 0 375 1984 1858 1222 2250 2016 2360 1960 2650 1970 1279 2923 1989 2143
2836 0 2765 0 128 0 2752 0 0 375 1984 1858 1222 2250 2016 2360 1960 2650 1970 1279 2923 1989 2143
3080 0 2765 0 128 0 2685 0 0 375 1984 1858 1222 2250 2016 2360 1960 2650 1970 1279 2923 1989 2143
3128 0 2765 0 128 0 2541 0 0 375 1984 1858 1222 2250 2016 2360 1960 2650 1970 1279 2923 1989 2143
3177 0 2765 0 128 0 2397 0 0 375 1984 1858 1222 2250 2016 2360 1960 2650 1970 1279 2923 1989 2143
