# dynamixel ids: 47 37 46 36 44 34 45 35 33 43 31 41 1 2 3 4 21 22 5 6 19 20 
580 0 130 0 128 0 1512 0 0 2004 2007 2211 1521 2298 2030 2184 1961 2650 1943 1383 2935 1990 2143
784 0 178 0 128 0 1467 0 0 2004 2007 2211 1521 2298 2030 2184 1961 2650 1943 1383 2935 1990 2143
831 0 322 0 128 0 1467 0 0 2004 2007 2211 1521 2298 2030 2184 1961 2650 1943 1383 2935 1990 2143
891 0 466 0 168 0 1515 0 0 2004 2007 2211 1521 2298 2030 2184 1961 2650 1943 1383 2935 1990 2143
935 0 562 0 168 0 1587 0 0 2004 2007 2211 1521 2298 2030 2184 1961 2650 1943 1383 2935 1990 2143
983 0 706 0 168 0 1587 0 0 2004 2007 2211 1521 2298 2030 2184 1961 2650 1943 1383 2935 1990 2143
1043 0 850 0 216 0 1635 0 0 2004 2007 2211 1521 2298 2030 2184 1961 2650 1943 1383 2935 1990 2143
1099 0 946 0 287 0 1731 0 0 2004 2007 2211 1521 2298 2030 2184 1961 2650 1943 1383 2935 1990 2143
1143 0 1042 0 287 0 1827 0 0 2004 2007 2211 1521 2298 2030 2184 1961 2650 1943 1383 2935 1990 2143
1193 0 1138 0 335 0 1923 0 0 2004 2007 2211 1521 2298 2030 2184 1961 2650 1943 1383 2935 1990 2143
1249 0 1234 0 405 0 2019 0 0 2004 2007 2211 1521 2298 2030 2184 1961 2650 1943 1383 2935 1990 2143
1299 0 1330 0 407 0 2115 0 0 2004 2007 2211 1521 2298 2030 2184 1961 2650 1943 1383 2935 1990 2143
1343 0 1426 0 407 0 2211 0 0 2004 2007 2211 1521 2298 2030 2184 1961 2650 1943 1383 2935 1990 2143
1387 0 1522 0 407 0 2307 0 0 2004 2007 2211 1521 2298 2030 2184 1961 2650 1943 1383 2935 1990 2143
1431 0 1618 0 407 0 2403 0 0 2004 2007 2211 1521 2298 2030 2184 1961 2650 1943 1383 2935 1990 2143
1475 0 1714 0 407 0 2499 0 0 2004 2007 2211 1521 2298 2030 2184 1961 2650 1943 1383 2935 1990 2143
1531 0 1810 0 503 0 2595 0 0 2004 2007 2211 1521 2298 2030 2184 1961 2650 1943 1383 2935 1990 2143
1581 0 1906 0 537 0 2691 0 0 2004 2007 2211 1521 2298 2030 2184 1961 2650 1943 1383 2935 1990 2143
1625 0 2002 0 537 0 2787 0 0 2004 2007 2211 1521 2298 2030 2184 1961 2650 1943 1383 2935 1990 2143
1669 0 2098 0 537 0 2883 0 0 2004 2007 2211 1521 2298 2030 2184 1961 2650 1943 1383 2935 1990 2143
1725 0 2194 0 586 0 2979 0 0 2004 2007 2211 1521 2298 2030 2184 1961 2650 1943 1383 2935 1990 2143
1769 0 2290 0 586 0 3075 0 0 2004 2007 2211 1521 2298 2030 2184 1961 2650 1943 1383 2935 1990 2143
1813 0 2386 0 586 0 3171 0 0 2004 2007 2211 1521 2298 2030 2184 1961 2650 1943 1383 2935 1990 2143
1856 0 2482 0 586 0 3267 0 0 2004 2007 2211 1521 2298 2030 2184 1961 2650 1943 1383 2935 1990 2143
1910 0 2626 0 586 0 3307 0 0 2004 2007 2211 1521 2298 2030 2184 1961 2650 1943 1383 2935 1990 2143
1958 0 2770 0 586 0 3307 0 0 2004 2007 2211 1521 2298 2030 2184 1961 2650 1943 1383 2935 1990 2143
2006 0 2914 0 586 0 3307 0 0 2004 2007 2211 1521 2298 2030 2184 1961 2650 1943 1383 2935 1990 2143
2191 0 3000 0 634 0 3259 0 0 2004 2007 2211 1521 2298 2030 2184 1961 2650 1943 1383 2935 1990 2143
2280 0 3000 0 636 0 3192 0 0 2004 2007 2211 1521 2298 2030 2184 1961 2650 1943 1383 2935 1990 2143
2433 0 3000 0 636 0 3195 0 0 2004 2007 2211 1521 2298 2030 2184 1961 2650 1943 1383 2935 1990 2143
2788 0 3000 0 636 0 3152 0 0 2004 2007 2211 1521 2298 2030 2184 1961 2650 1943 1383 2935 1990 2143
2930 0 3000 0 636 0 3147 0 48 2004 2007 2211 1521 2298 2030 2184 1961 2650 1943 1383 2935 1990 2143
2978 0 3000 0 636 0 3147 0 150 2004 2007 2211 1521 2298 2030 2184 1961 2650 1943 1383 2935 1990 2143
3041 0 3000 0 684 0 3147 0 198 2004 2007 2211 1521 2298 2030 2184 1961 2650 1943 1383 2935 1990 2143
3095 0 3000 0 686 0 3147 0 342 2004 2007 2211 1521 2298 2030 2184 1961 2650 1943 1383 2935 1990 2143
3149 0 3000 0 734 0 3147 0 486 2004 2007 2211 1521 2298 2030 2184 1961 2650 1943 1383 2935 1990 2143
3193 0 3000 0 830 0 3147 0 582 2004 2007 2211 1521 2298 2030 2184 1961 2650 1943 1383 2935 1990 2143
3237 0 3000 0 926 0 3147 0 678 2004 2007 2211 1521 2298 2030 2184 1961 2650 1943 1383 2935 1990 2143
3281 0 3000 0 1022 0 3147 0 774 2004 2007 2211 1521 2298 2030 2184 1961 2650 1943 1383 2935 1990 2143
3325 0 3000 0 1118 0 3147 0 870 2004 2007 2211 1521 2298 2030 2184 1961 2650 1943 1383 2935 1990 2143
3369 0 3000 0 1214 0 3147 0 966 2004 2007 2211 1521 2298 2030 2184 1961 2650 1943 1383 2935 1990 2143
