# dynamixel ids: 47 37 46 36 44 34 45 35 33 43 31 41 1 2 3 4 21 22 5 6 19 20 
348 0 3000 0 1654 0 2965 0 2550 2004 2007 2211 1521 2298 2030 2184 1961 2650 1943 1383 2935 1990 2143
703 0 3000 0 1654 0 2933 0 2502 2004 2007 2211 1521 2298 2030 2184 1961 2650 1943 1383 2935 1990 2143
751 0 3000 0 1654 0 2933 0 2358 2004 2007 2211 1521 2298 2030 2184 1961 2650 1943 1383 2935 1990 2143
1055 0 3000 0 1654 0 2981 0 2350 2004 2007 2211 1521 2298 2030 2184 1961 2650 1943 1383 2935 1990 2143
1316 0 2952 0 1606 0 2952 0 2302 2004 2007 2211 1521 2298 2030 2184 1961 2650 1943 1383 2935 1990 2143
1384 0 2856 0 1510 0 2893 0 2206 2004 2007 2211 1521 2298 2030 2184 1961 2650 1943 1383 2935 1990 2143
1440 0 2760 0 1414 0 2893 0 2110 2004 2007 2211 1521 2298 2030 2184 1961 2650 1943 1383 2935 1990 2143
1508 0 2664 0 1318 0 2797 0 2014 2004 2007 2211 1521 2298 2030 2184 1961 2650 1943 1383 2935 1990 2143
1576 0 2568 0 1222 0 2701 0 1918 2004 2007 2211 1521 2298 2030 2184 1961 2650 1943 1383 2935 1990 2143
1644 0 2472 0 1126 0 2605 0 1822 2004 2007 2211 1521 2298 2030 2184 1961 2650 1943 1383 2935 1990 2143
1712 0 2376 0 1030 0 2509 0 1726 2004 2007 2211 1521 2298 2030 2184 1961 2650 1943 1383 2935 1990 2143
1780 0 2280 0 934 0 2413 0 1630 2004 2007 2211 1521 2298 2030 2184 1961 2650 1943 1383 2935 1990 2143
1848 0 2184 0 838 0 2317 0 1534 2004 2007 2211 1521 2298 2030 2184 1961 2650 1943 1383 2935 1990 2143
1916 0 2088 0 742 0 2221 0 1438 2004 2007 2211 1521 2298 2030 2184 1961 2650 1943 1383 2935 1990 2143
1984 0 1992 0 646 0 2125 0 1342 2004 2007 2211 1521 2298 2030 2184 1961 2650 1943 1383 2935 1990 2143
2052 0 1896 0 550 0 2029 0 1246 2004 2007 2211 1521 2298 2030 2184 1961 2650 1943 1383 2935 1990 2143
2120 0 1800 0 454 0 1933 0 1150 2004 2007 2211 1521 2298 2030 2184 1961 2650 1943 1383 2935 1990 2143
2187 0 1704 0 358 0 1837 0 1054 2004 2007 2211 1521 2298 2030 2184 1961 2650 1943 1383 2935 1990 2143
2255 0 1608 0 262 0 1741 0 958 2004 2007 2211 1521 2298 2030 2184 1961 2650 1943 1383 2935 1990 2143
2323 0 1512 0 197 0 1645 0 862 2004 2007 2211 1521 2298 2030 2184 1961 2650 1943 1383 2935 1990 2143
2379 0 1416 0 197 0 1549 0 766 2004 2007 2211 1521 2298 2030 2184 1961 2650 1943 1383 2935 1990 2143
2435 0 1320 0 197 0 1453 0 670 2004 2007 2211 1521 2298 2030 2184 1961 2650 1943 1383 2935 1990 2143
2491 0 1224 0 197 0 1357 0 574 2004 2007 2211 1521 2298 2030 2184 1961 2650 1943 1383 2935 1990 2143
2559 0 1128 0 101 0 1261 0 478 2004 2007 2211 1521 2298 2030 2184 1961 2650 1943 1383 2935 1990 2143
2621 0 1032 0 88 0 1173 0 382 2004 2007 2211 1521 2298 2030 2184 1961 2650 1943 1383 2935 1990 2143
2665 0 936 0 88 0 1173 0 286 2004 2007 2211 1521 2298 2030 2184 1961 2650 1943 1383 2935 1990 2143
2709 0 840 0 88 0 1173 0 190 2004 2007 2211 1521 2298 2030 2184 1961 2650 1943 1383 2935 1990 2143
2753 0 744 0 88 0 1173 0 94 2004 2007 2211 1521 2298 2030 2184 1961 2650 1943 1383 2935 1990 2143
2797 0 648 0 88 0 1173 0 0 2004 2007 2211 1521 2298 2030 2184 1961 2650 1943 1383 2935 1990 2143
2851 0 504 0 48 0 1173 0 0 2004 2007 2211 1521 2298 2030 2184 1961 2650 1943 1383 2935 1990 2143
2899 0 360 0 48 0 1173 0 0 2004 2007 2211 1521 2298 2030 2184 1961 2650 1943 1383 2935 1990 2143
2947 0 216 0 48 0 1173 0 0 2004 2007 2211 1521 2298 2030 2184 1961 2650 1943 1383 2935 1990 2143
2995 0 72 0 48 0 1173 0 0 2004 2007 2211 1521 2298 2030 2184 1961 2650 1943 1383 2935 1990 2143
