# dynamixel ids: 47 37 46 36 44 34 45 35 33 43 31 41 1 2 3 4 21 22 5 6 19 20 
266 0 3000 0 1195 0 2853 0 1302 2004 2007 2211 1521 2298 2030 2184 1961 2650 1943 1383 2935 1990 2143
314 0 3000 0 1195 0 2853 0 1158 2004 2007 2211 1521 2298 2030 2184 1961 2650 1943 1383 2935 1990 2143
518 0 3000 0 1195 0 2901 0 1150 2004 2007 2211 1521 2298 2030 2184 1961 2650 1943 1383 2935 1990 2143
721 0 3000 0 1195 0 2872 0 1150 2004 2007 2211 1521 2298 2030 2184 1961 2650 1943 1383 2935 1990 2143
981 0 3000 0 1147 0 2867 0 1102 2004 2007 2211 1521 2298 2030 2184 1961 2650 1943 1383 2935 1990 2143
1025 0 3000 0 1051 0 2867 0 1006 2004 2007 2211 1521 2298 2030 2184 1961 2650 1943 1383 2935 1990 2143
1074 0 3000 0 955 0 2819 0 910 2004 2007 2211 1521 2298 2030 2184 1961 2650 1943 1383 2935 1990 2143
1142 0 2904 0 859 0 2723 0 814 2004 2007 2211 1521 2298 2030 2184 1961 2650 1943 1383 2935 1990 2143
1210 0 2808 0 763 0 2627 0 718 2004 2007 2211 1521 2298 2030 2184 1961 2650 1943 1383 2935 1990 2143
1279 0 2712 0 667 0 2531 0 622 2004 2007 2211 1521 2298 2030 2184 1961 2650 1943 1383 2935 1990 2143
1347 0 2616 0 571 0 2435 0 526 2004 2007 2211 1521 2298 2030 2184 1961 2650 1943 1383 2935 1990 2143
1416 0 2520 0 475 0 2339 0 430 2004 2007 2211 1521 2298 2030 2184 1961 2650 1943 1383 2935 1990 2143
1485 0 2424 0 379 0 2243 0 334 2004 2007 2211 1521 2298 2030 2184 1961 2650 1943 1383 2935 1990 2143
1553 0 2328 0 283 0 2147 0 238 2004 2007 2211 1521 2298 2030 2184 1961 2650 1943 1383 2935 1990 2143
1621 0 2232 0 207 0 2051 0 142 2004 2007 2211 1521 2298 2030 2184 1961 2650 1943 1383 2935 1990 2143
1677 0 2136 0 207 0 1955 0 46 2004 2007 2211 1521 2298 2030 2184 1961 2650 1943 1383 2935 1990 2143
1734 0 2040 0 159 0 1859 0 0 2004 2007 2211 1521 2298 2030 2184 1961 2650 1943 1383 2935 1990 2143
1784 0 1944 0 128 0 1787 0 0 2004 2007 2211 1521 2298 2030 2184 1961 2650 1943 1383 2935 1990 2143
1833 0 1800 0 128 0 1787 0 0 2004 2007 2211 1521 2298 2030 2184 1961 2650 1943 1383 2935 1990 2143
1881 0 1656 0 128 0 1787 0 0 2004 2007 2211 1521 2298 2030 2184 1961 2650 1943 1383 2935 1990 2143
1929 0 1512 0 128 0 1787 0 0 2004 2007 2211 1521 2298 2030 2184 1961 2650 1943 1383 2935 1990 2143
1977 0 1368 0 128 0 1787 0 0 2004 2007 2211 1521 2298 2030 2184 1961 2650 1943 1383 2935 1990 2143
2025 0 1224 0 128 0 1787 0 0 2004 2007 2211 1521 2298 2030 2184 1961 2650 1943 1383 2935 1990 2143
2079 0 1080 0 128 0 1739 0 0 2004 2007 2211 1521 2298 2030 2184 1961 2650 1943 1383 2935 1990 2143
2134 0 936 0 128 0 1733 0 0 2004 2007 2211 1521 2298 2030 2184 1961 2650 1943 1383 2935 1990 2143
2181 0 792 0 128 0 1733 0 0 2004 2007 2211 1521 2298 2030 2184 1961 2650 1943 1383 2935 1990 2143
2229 0 648 0 128 0 1733 0 0 2004 2007 2211 1521 2298 2030 2184 1961 2650 1943 1383 2935 1990 2143
2279 0 504 0 128 0 1733 0 0 2004 2007 2211 1521 2298 2030 2184 1961 2650 1943 1383 2935 1990 2143
2327 0 360 0 128 0 1733 0 0 2004 2007 2211 1521 2298 2030 2184 1961 2650 1943 1383 2935 1990 2143
2375 0 216 0 128 0 1733 0 0 2004 2007 2211 1521 2298 2030 2184 1961 2650 1943 1383 2935 1990 2143
2423 0 72 0 128 0 1733 0 0 2004 2007 2211 1521 2298 2030 2184 1961 2650 1943 1383 2935 1990 2143
