# dynamixel ids: 47 37 46 36 44 34 45 35 33 43 31 41 1 2 3 4 21 22 5 6 19 20 
621 0 39 0 188 0 1507 0 0 2004 2007 2211 1521 2298 2030 2184 1961 2650 1943 1383 2935 1990 2143
970 0 39 0 188 0 1459 0 0 2004 2007 2211 1521 2298 2030 2184 1961 2650 1943 1383 2935 1990 2143
1827 0 87 0 188 0 1453 0 0 2004 2007 2211 1521 2298 2030 2184 1961 2650 1943 1383 2935 1990 2143
1869 0 152 0 188 0 1453 0 0 2004 2007 2211 1521 2298 2030 2184 1961 2650 1943 1383 2935 1990 2143
1917 0 296 0 188 0 1453 0 0 2004 2007 2211 1521 2298 2030 2184 1961 2650 1943 1383 2935 1990 2143
1977 0 440 0 236 0 1501 0 0 2004 2007 2211 1521 2298 2030 2184 1961 2650 1943 1383 2935 1990 2143
2027 0 536 0 307 0 1520 0 0 2004 2007 2211 1521 2298 2030 2184 1961 2650 1943 1383 2935 1990 2143
2087 0 680 0 355 0 1568 0 0 2004 2007 2211 1521 2298 2030 2184 1961 2650 1943 1383 2935 1990 2143
2137 0 776 0 377 0 1664 0 0 2004 2007 2211 1521 2298 2030 2184 1961 2650 1943 1383 2935 1990 2143
2181 0 872 0 377 0 1760 0 0 2004 2007 2211 1521 2298 2030 2184 1961 2650 1943 1383 2935 1990 2143
2225 0 968 0 377 0 1856 0 0 2004 2007 2211 1521 2298 2030 2184 1961 2650 1943 1383 2935 1990 2143
2269 0 1064 0 377 0 1952 0 0 2004 2007 2211 1521 2298 2030 2184 1961 2650 1943 1383 2935 1990 2143
2313 0 1160 0 377 0 2048 0 0 2004 2007 2211 1521 2298 2030 2184 1961 2650 1943 1383 2935 1990 2143
2357 0 1256 0 377 0 2144 0 0 2004 2007 2211 1521 2298 2030 2184 1961 2650 1943 1383 2935 1990 2143
2402 0 1352 0 377 0 2240 0 0 2004 2007 2211 1521 2298 2030 2184 1961 2650 1943 1383 2935 1990 2143
2446 0 1448 0 377 0 2336 0 0 2004 2007 2211 1521 2298 2030 2184 1961 2650 1943 1383 2935 1990 2143
2490 0 1544 0 377 0 2432 0 0 2004 2007 2211 1521 2298 2030 2184 1961 2650 1943 1383 2935 1990 2143
2534 0 1640 0 377 0 2528 0 0 2004 2007 2211 1521 2298 2030 2184 1961 2650 1943 1383 2935 1990 2143
2578 0 1736 0 377 0 2624 0 0 2004 2007 2211 1521 2298 2030 2184 1961 2650 1943 1383 2935 1990 2143
2622 0 1832 0 377 0 2720 0 0 2004 2007 2211 1521 2298 2030 2184 1961 2650 1943 1383 2935 1990 2143
2666 0 1928 0 377 0 2816 0 0 2004 2007 2211 1521 2298 2030 2184 1961 2650 1943 1383 2935 1990 2143
2710 0 2024 0 377 0 2912 0 0 2004 2007 2211 1521 2298 2030 2184 1961 2650 1943 1383 2935 1990 2143
2754 0 2120 0 377 0 3008 0 0 2004 2007 2211 1521 2298 2030 2184 1961 2650 1943 1383 2935 1990 2143
2798 0 2216 0 377 0 3104 0 0 2004 2007 2211 1521 2298 2030 2184 1961 2650 1943 1383 2935 1990 2143
2852 0 2360 0 377 0 3147 0 0 2004 2007 2211 1521 2298 2030 2184 1961 2650 1943 1383 2935 1990 2143
2899 0 2504 0 377 0 3147 0 0 2004 2007 2211 1521 2298 2030 2184 1961 2650 1943 1383 2935 1990 2143
2947 0 2648 0 377 0 3147 0 0 2004 2007 2211 1521 2298 2030 2184 1961 2650 1943 1383 2935 1990 2143
2995 0 2792 0 377 0 3147 0 0 2004 2007 2211 1521 2298 2030 2184 1961 2650 1943 1383 2935 1990 2143
3043 0 2936 0 377 0 3147 0 0 2004 2007 2211 1521 2298 2030 2184 1961 2650 1943 1383 2935 1990 2143
3121 0 3000 0 377 0 3099 0 0 2004 2007 2211 1521 2298 2030 2184 1961 2650 1943 1383 2935 1990 2143
3325 0 3000 0 417 0 3080 0 0 2004 2007 2211 1521 2298 2030 2184 1961 2650 1943 1383 2935 1990 2143
3422 0 3000 0 457 0 3080 0 0 2004 2007 2211 1521 2298 2030 2184 1961 2650 1943 1383 2935 1990 2143
3730 0 3000 0 457 0 3032 0 0 2004 2007 2211 1521 2298 2030 2184 1961 2650 1943 1383 2935 1990 2143
