# dynamixel ids: 47 37 46 36 44 34 45 35 33 43 31 41 1 2 3 4 21 22 5 6 19 20 
184 0 2561 0 1265 0 3040 0 2750 375 1984 1858 1222 2250 2016 2360 1960 2650 1970 1279 2923 1989 2143
1383 0 2557 0 1265 0 3040 0 2702 375 1984 1858 1222 2250 2016 2360 1960 2650 1970 1279 2923 1989 2143
1431 0 2557 0 1265 0 3040 0 2558 375 1984 1858 1222 2250 2016 2360 1960 2650 1970 1279 2923 1989 2143
1546 0 2557 0 1217 0 2992 0 2502 375 1984 1858 1222 2250 2016 2360 1960 2650 1970 1279 2923 1989 2143
1601 0 2557 0 1121 0 2912 0 2406 375 1984 1858 1222 2250 2016 2360 1960 2650 1970 1279 2923 1989 2143
1657 0 2557 0 1025 0 2816 0 2310 375 1984 1858 1222 2250 2016 2360 1960 2650 1970 1279 2923 1989 2143
1713 0 2557 0 929 0 2720 0 2214 375 1984 1858 1222 2250 2016 2360 1960 2650 1970 1279 2923 1989 2143
1769 0 2557 0 833 0 2640 0 2118 375 1984 1858 1222 2250 2016 2360 1960 2650 1970 1279 2923 1989 2143
1813 0 2557 0 737 0 2640 0 2022 375 1984 1858 1222 2250 2016 2360 1960 2650 1970 1279 2923 1989 2143
1869 0 2557 0 641 0 2573 0 1926 375 1984 1858 1222 2250 2016 2360 1960 2650 1970 1279 2923 1989 2143
1913 0 2557 0 545 0 2573 0 1830 375 1984 1858 1222 2250 2016 2360 1960 2650 1970 1279 2923 1989 2143
1957 0 2557 0 449 0 2573 0 1734 375 1984 1858 1222 2250 2016 2360 1960 2650 1970 1279 2923 1989 2143
2001 0 2557 0 353 0 2573 0 1638 375 1984 1858 1222 2250 2016 2360 1960 2650 1970 1279 2923 1989 2143
2045 0 2557 0 257 0 2573 0 1542 375 1984 1858 1222 2250 2016 2360 1960 2650 1970 1279 2923 1989 2143
2099 0 2557 0 227 0 2573 0 1398 375 1984 1858 1222 2250 2016 2360 1960 2650 1970 1279 2923 1989 2143
2147 0 2557 0 227 0 2573 0 1254 375 1984 1858 1222 2250 2016 2360 1960 2650 1970 1279 2923 1989 2143
2201 0 2557 0 188 0 2573 0 1110 375 1984 1858 1222 2250 2016 2360 1960 2650 1970 1279 2923 1989 2143
2249 0 2557 0 188 0 2573 0 966 375 1984 1858 1222 2250 2016 2360 1960 2650 1970 1279 2923 1989 2143
2310 0 2557 0 188 0 2520 0 822 375 1984 1858 1222 2250 2016 2360 1960 2650 1970 1279 2923 1989 2143
2358 0 2557 0 188 0 2520 0 678 375 1984 1858 1222 2250 2016 2360 1960 2650 1970 1279 2923 1989 2143
2406 0 2557 0 188 0 2520 0 534 375 1984 1858 1222 2250 2016 2360 1960 2650 1970 1279 2923 1989 2143
2454 0 2557 0 188 0 2520 0 390 375 1984 1858 1222 2250 2016 2360 1960 2650 1970 1279 2923 1989 2143
2502 0 2557 0 188 0 2520 0 246 375 1984 1858 1222 2250 2016 2360 1960 2650 1970 1279 2923 1989 2143
2550 0 2557 0 188 0 2520 0 102 375 1984 1858 1222 2250 2016 2360 1960 2650 1970 1279 2923 1989 2143
2604 0 2557 0 148 0 2520 0 0 375 1984 1858 1222 2250 2016 2360 1960 2650 1970 1279 2923 1989 2143
2681 0 2557 0 148 0 2472 0 0 375 1984 1858 1222 2250 2016 2360 1960 2650 1970 1279 2923 1989 2143
2728 0 2557 0 148 0 2328 0 0 375 1984 1858 1222 2250 2016 2360 1960 2650 1970 1279 2923 1989 2143
2776 0 2557 0 148 0 2184 0 0 375 1984 1858 1222 2250 2016 2360 1960 2650 1970 1279 2923 1989 2143
2824 0 2557 0 148 0 2040 0 0 375 1984 1858 1222 2250 2016 2360 1960 2650 1970 1279 2923 1989 2143
2874 0 2609 0 108 0 1944 0 0 375 1984 1858 1222 2250 2016 2360 1960 2650 1970 1279 2923 1989 2143
2922 0 2609 0 108 0 1800 0 0 375 1984 1858 1222 2250 2016 2360 1960 2650 1970 1279 2923 1989 2143
2970 0 2609 0 108 0 1656 0 0 375 1984 1858 1222 2250 2016 2360 1960 2650 1970 1279 2923 1989 2143
3018 0 2609 0 108 0 1512 0 0 375 1984 1858 1222 2250 2016 2360 1960 2650 1970 1279 2923 1989 2143
3066 0 2609 0 108 0 1368 0 0 375 1984 1858 1222 2250 2016 2360 1960 2650 1970 1279 2923 1989 2143
3114 0 2609 0 108 0 1224 0 0 375 1984 1858 1222 2250 2016 2360 1960 2650 1970 1279 2923 1989 2143
3162 0 2609 0 108 0 1080 0 0 375 1984 1858 1222 2250 2016 2360 1960 2650 1970 1279 2923 1989 2143
3210 0 2609 0 108 0 936 0 0 375 1984 1858 1222 2250 2016 2360 1960 2650 1970 1279 2923 1989 2143
3258 0 2609 0 108 0 792 0 0 375 1984 1858 1222 2250 2016 2360 1960 2650 1970 1279 2923 1989 2143
3306 0 2609 0 108 0 693 0 0 375 1984 1858 1222 2250 2016 2360 1960 2650 1970 1279 2923 1989 2143
