# dynamixel ids: 47 37 46 36 44 34 45 35 33 43 31 41 1 2 3 4 21 22 5 6 19 20 
437 0 2609 0 207 0 1141 0 0 375 1984 1858 1222 2250 2016 2360 1960 2650 1970 1279 2923 1989 2143
484 0 2609 0 207 0 1285 0 0 375 1984 1858 1222 2250 2016 2360 1960 2650 1970 1279 2923 1989 2143
532 0 2609 0 207 0 1429 0 0 375 1984 1858 1222 2250 2016 2360 1960 2650 1970 1279 2923 1989 2143
580 0 2609 0 207 0 1573 0 0 375 1984 1858 1222 2250 2016 2360 1960 2650 1970 1279 2923 1989 2143
628 0 2609 0 207 0 1717 0 0 375 1984 1858 1222 2250 2016 2360 1960 2650 1970 1279 2923 1989 2143
676 0 2609 0 207 0 1861 0 0 375 1984 1858 1222 2250 2016 2360 1960 2650 1970 1279 2923 1989 2143
724 0 2609 0 207 0 2005 0 0 375 1984 1858 1222 2250 2016 2360 1960 2650 1970 1279 2923 1989 2143
772 0 2609 0 207 0 2149 0 0 375 1984 1858 1222 2250 2016 2360 1960 2650 1970 1279 2923 1989 2143
820 0 2609 0 207 0 2293 0 0 375 1984 1858 1222 2250 2016 2360 1960 2650 1970 1279 2923 1989 2143
868 0 2609 0 207 0 2437 0 0 375 1984 1858 1222 2250 2016 2360 1960 2650 1970 1279 2923 1989 2143
916 0 2609 0 207 0 2581 0 0 375 1984 1858 1222 2250 2016 2360 1960 2650 1970 1279 2923 1989 2143
964 0 2609 0 207 0 2725 0 0 375 1984 1858 1222 2250 2016 2360 1960 2650 1970 1279 2923 1989 2143
1012 0 2609 0 207 0 2867 0 0 375 1984 1858 1222 2250 2016 2360 1960 2650 1970 1279 2923 1989 2143
1054 0 2609 0 207 0 2963 0 0 375 1984 1858 1222 2250 2016 2360 1960 2650 1970 1279 2923 1989 2143
1102 0 2609 0 207 0 3107 0 0 375 1984 1858 1222 2250 2016 2360 1960 2650 1970 1279 2923 1989 2143
1150 0 2609 0 207 0 3251 0 0 375 1984 1858 1222 2250 2016 2360 1960 2650 1970 1279 2923 1989 2143
1198 0 2609 0 207 0 3395 0 0 375 1984 1858 1222 2250 2016 2360 1960 2650 1970 1279 2923 1989 2143
1240 0 2609 0 207 0 3475 0 0 375 1984 1858 1222 2250 2016 2360 1960 2650 1970 1279 2923 1989 2143
1383 0 2609 0 247 0 3480 0 0 375 1984 1858 1222 2250 2016 2360 1960 2650 1970 1279 2923 1989 2143
1496 0 2609 0 295 0 3432 0 0 375 1984 1858 1222 2250 2016 2360 1960 2650 1970 1279 2923 1989 2143
1539 0 2609 0 391 0 3379 0 0 375 1984 1858 1222 2250 2016 2360 1960 2650 1970 1279 2923 1989 2143
1594 0 2609 0 535 0 3360 0 0 375 1984 1858 1222 2250 2016 2360 1960 2650 1970 1279 2923 1989 2143
1642 0 2609 0 585 0 3360 0 48 375 1984 1858 1222 2250 2016 2360 1960 2650 1970 1279 2923 1989 2143
1685 0 2609 0 681 0 3360 0 144 375 1984 1858 1222 2250 2016 2360 1960 2650 1970 1279 2923 1989 2143
1729 0 2609 0 746 0 3360 0 240 375 1984 1858 1222 2250 2016 2360 1960 2650 1970 1279 2923 1989 2143
1785 0 2609 0 842 0 3307 0 336 375 1984 1858 1222 2250 2016 2360 1960 2650 1970 1279 2923 1989 2143
1830 0 2609 0 936 0 3307 0 432 375 1984 1858 1222 2250 2016 2360 1960 2650 1970 1279 2923 1989 2143
1878 0 2609 0 936 0 3307 0 576 375 1984 1858 1222 2250 2016 2360 1960 2650 1970 1279 2923 1989 2143
1926 0 2609 0 936 0 3307 0 720 375 1984 1858 1222 2250 2016 2360 1960 2650 1970 1279 2923 1989 2143
1974 0 2609 0 936 0 3307 0 864 375 1984 1858 1222 2250 2016 2360 1960 2650 1970 1279 2923 1989 2143
2018 0 2609 0 1032 0 3307 0 960 375 1984 1858 1222 2250 2016 2360 1960 2650 1970 1279 2923 1989 2143
2062 0 2609 0 1128 0 3307 0 1056 375 1984 1858 1222 2250 2016 2360 1960 2650 1970 1279 2923 1989 2143
2119 0 2609 0 1224 0 3253 0 1152 375 1984 1858 1222 2250 2016 2360 1960 2650 1970 1279 2923 1989 2143
2163 0 2609 0 1305 0 3253 0 1248 375 1984 1858 1222 2250 2016 2360 1960 2650 1970 1279 2923 1989 2143
2211 0 2609 0 1305 0 3253 0 1392 375 1984 1858 1222 2250 2016 2360 1960 2650 1970 1279 2923 1989 2143
2271 0 2609 0 1394 0 3253 0 1536 375 1984 1858 1222 2250 2016 2360 1960 2650 1970 1279 2923 1989 2143
2319 0 2609 0 1394 0 3253 0 1680 375 1984 1858 1222 2250 2016 2360 1960 2650 1970 1279 2923 1989 2143
2367 0 2609 0 1394 0 3253 0 1824 375 1984 1858 1222 2250 2016 2360 1960 2650 1970 1279 2923 1989 2143
2427 0 2609 0 1344 0 3253 0 1968 375 1984 1858 1222 2250 2016 2360 1960 2650 1970 1279 2923 1989 2143
2475 0 2609 0 1344 0 3253 0 2112 375 1984 1858 1222 2250 2016 2360 1960 2650 1970 1279 2923 1989 2143
2522 0 2609 0 1344 0 3253 0 2256 375 1984 1858 1222 2250 2016 2360 1960 2650 1970 1279 2923 1989 2143
2567 0 2609 0 1344 0 3200 0 2352 375 1984 1858 1222 2250 2016 2360 1960 2650 1970 1279 2923 1989 2143
2614 0 2609 0 1344 0 3200 0 2496 375 1984 1858 1222 2250 2016 2360 1960 2650 1970 1279 2923 1989 2143
2663 0 2609 0 1344 0 3200 0 2640 375 1984 1858 1222 2250 2016 2360 1960 2650 1970 1279 2923 1989 2143
2717 0 2609 0 1305 0 3200 0 2784 375 1984 1858 1222 2250 2016 2360 1960 2650 1970 1279 2923 1989 2143
2765 0 2609 0 1305 0 3200 0 2928 375 1984 1858 1222 2250 2016 2360 1960 2650 1970 1279 2923 1989 2143
3136 0 2609 0 1265 0 3200 0 3000 375 1984 1858 1222 2250 2016 2360 1960 2650 1970 1279 2923 1989 2143
3243 0 2609 0 1265 0 3152 0 3000 375 1984 1858 1222 2250 2016 2360 1960 2650 1970 1279 2923 1989 2143
