# dynamixel ids: 47 37 46 36 44 34 45 35 33 43 31 41 1 2 3 4 21 22 5 6 19 20 
655 0 2296 0 217 0 755 0 0 375 1984 1858 1222 2250 2016 2360 1960 2650 1970 1279 2923 1989 2143
703 0 2296 0 217 0 899 0 0 375 1984 1858 1222 2250 2016 2360 1960 2650 1970 1279 2923 1989 2143
751 0 2296 0 217 0 1043 0 0 375 1984 1858 1222 2250 2016 2360 1960 2650 1970 1279 2923 1989 2143
799 0 2296 0 217 0 1187 0 0 375 1984 1858 1222 2250 2016 2360 1960 2650 1970 1279 2923 1989 2143
847 0 2296 0 217 0 1331 0 0 375 1984 1858 1222 2250 2016 2360 1960 2650 1970 1279 2923 1989 2143
895 0 2296 0 217 0 1475 0 0 375 1984 1858 1222 2250 2016 2360 1960 2650 1970 1279 2923 1989 2143
943 0 2296 0 217 0 1619 0 0 375 1984 1858 1222 2250 2016 2360 1960 2650 1970 1279 2923 1989 2143
991 0 2296 0 217 0 1763 0 0 375 1984 1858 1222 2250 2016 2360 1960 2650 1970 1279 2923 1989 2143
1039 0 2296 0 217 0 1907 0 0 375 1984 1858 1222 2250 2016 2360 1960 2650 1970 1279 2923 1989 2143
1088 0 2296 0 217 0 2051 0 0 375 1984 1858 1222 2250 2016 2360 1960 2650 1970 1279 2923 1989 2143
1136 0 2296 0 217 0 2195 0 0 375 1984 1858 1222 2250 2016 2360 1960 2650 1970 1279 2923 1989 2143
1184 0 2296 0 217 0 2339 0 0 375 1984 1858 1222 2250 2016 2360 1960 2650 1970 1279 2923 1989 2143
1232 0 2296 0 217 0 2483 0 0 375 1984 1858 1222 2250 2016 2360 1960 2650 1970 1279 2923 1989 2143
1281 0 2296 0 217 0 2627 0 0 375 1984 1858 1222 2250 2016 2360 1960 2650 1970 1279 2923 1989 2143
1329 0 2296 0 217 0 2771 0 0 375 1984 1858 1222 2250 2016 2360 1960 2650 1970 1279 2923 1989 2143
1377 0 2296 0 217 0 2915 0 0 375 1984 1858 1222 2250 2016 2360 1960 2650 1970 1279 2923 1989 2143
1425 0 2296 0 217 0 3059 0 0 375 1984 1858 1222 2250 2016 2360 1960 2650 1970 1279 2923 1989 2143
1474 0 2296 0 217 0 3203 0 0 375 1984 1858 1222 2250 2016 2360 1960 2650 1970 1279 2923 1989 2143
1552 0 2296 0 265 0 3253 0 0 375 1984 1858 1222 2250 2016 2360 1960 2650 1970 1279 2923 1989 2143
1705 0 2296 0 307 0 3253 0 0 375 1984 1858 1222 2250 2016 2360 1960 2650 1970 1279 2923 1989 2143
1820 0 2248 0 355 0 3205 0 48 375 1984 1858 1222 2250 2016 2360 1960 2650 1970 1279 2923 1989 2143
1876 0 2243 0 451 0 3200 0 144 375 1984 1858 1222 2250 2016 2360 1960 2650 1970 1279 2923 1989 2143
1920 0 2243 0 547 0 3200 0 240 375 1984 1858 1222 2250 2016 2360 1960 2650 1970 1279 2923 1989 2143
1980 0 2243 0 643 0 3200 0 384 375 1984 1858 1222 2250 2016 2360 1960 2650 1970 1279 2923 1989 2143
2024 0 2243 0 696 0 3200 0 480 375 1984 1858 1222 2250 2016 2360 1960 2650 1970 1279 2923 1989 2143
2068 0 2243 0 744 0 3152 0 576 375 1984 1858 1222 2250 2016 2360 1960 2650 1970 1279 2923 1989 2143
2124 0 2243 0 840 0 3195 0 672 375 1984 1858 1222 2250 2016 2360 1960 2650 1970 1279 2923 1989 2143
2174 0 2243 0 936 0 3200 0 768 375 1984 1858 1222 2250 2016 2360 1960 2650 1970 1279 2923 1989 2143
2218 0 2243 0 1003 0 3200 0 864 375 1984 1858 1222 2250 2016 2360 1960 2650 1970 1279 2923 1989 2143
2272 0 2243 0 1035 0 3200 0 1008 375 1984 1858 1222 2250 2016 2360 1960 2650 1970 1279 2923 1989 2143
2316 0 2243 0 1083 0 3152 0 1104 375 1984 1858 1222 2250 2016 2360 1960 2650 1970 1279 2923 1989 2143
2360 0 2243 0 1105 0 3133 0 1200 375 1984 1858 1222 2250 2016 2360 1960 2650 1970 1279 2923 1989 2143
2414 0 2243 0 1153 0 3133 0 1344 375 1984 1858 1222 2250 2016 2360 1960 2650 1970 1279 2923 1989 2143
2458 0 2243 0 1245 0 3133 0 1440 375 1984 1858 1222 2250 2016 2360 1960 2650 1970 1279 2923 1989 2143
2505 0 2243 0 1245 0 3133 0 1584 375 1984 1858 1222 2250 2016 2360 1960 2650 1970 1279 2923 1989 2143
2559 0 2243 0 1245 0 3085 0 1728 375 1984 1858 1222 2250 2016 2360 1960 2650 1970 1279 2923 1989 2143
2613 0 2243 0 1245 0 3080 0 1872 375 1984 1858 1222 2250 2016 2360 1960 2650 1970 1279 2923 1989 2143
2661 0 2243 0 1245 0 3080 0 2016 375 1984 1858 1222 2250 2016 2360 1960 2650 1970 1279 2923 1989 2143
2715 0 2243 0 1197 0 3080 0 2160 375 1984 1858 1222 2250 2016 2360 1960 2650 1970 1279 2923 1989 2143
2769 0 2243 0 1195 0 3080 0 2304 375 1984 1858 1222 2250 2016 2360 1960 2650 1970 1279 2923 1989 2143
2817 0 2243 0 1195 0 3080 0 2448 375 1984 1858 1222 2250 2016 2360 1960 2650 1970 1279 2923 1989 2143
2865 0 2243 0 1195 0 3080 0 2592 375 1984 1858 1222 2250 2016 2360 1960 2650 1970 1279 2923 1989 2143
2913 0 2243 0 1195 0 3080 0 2736 375 1984 1858 1222 2250 2016 2360 1960 2650 1970 1279 2923 1989 2143
2961 0 2243 0 1195 0 3080 0 2880 375 1984 1858 1222 2250 2016 2360 1960 2650 1970 1279 2923 1989 2143
3015 0 2243 0 1195 0 3032 0 3000 375 1984 1858 1222 2250 2016 2360 1960 2650 1970 1279 2923 1989 2143
3058 0 2243 0 1155 0 3027 0 3000 375 1984 1858 1222 2250 2016 2360 1960 2650 1970 1279 2923 1989 2143
3212 0 2195 0 1155 0 2979 0 3000 375 1984 1858 1222 2250 2016 2360 1960 2650 1970 1279 2923 1989 2143
3814 0 2191 0 1115 0 2973 0 3000 375 1984 1858 1222 2250 2016 2360 1960 2650 1970 1279 2923 1989 2143
4169 0 2191 0 1115 0 2925 0 2952 375 1984 1858 1222 2250 2016 2360 1960 2650 1970 1279 2923 1989 2143
4223 0 2191 0 1115 0 2920 0 2808 375 1984 1858 1222 2250 2016 2360 1960 2650 1970 1279 2923 1989 2143
