# dynamixel ids: 47 37 46 36 44 34 45 35 33 43 31 41 1 2 3 4 21 22 5 6 19 20 
363 0 2191 0 1115 0 2872 0 2600 375 1984 1858 1222 2250 2016 2360 1960 2650 1970 1279 2923 1989 2143
1176 0 2191 0 1067 0 2867 0 2552 375 1984 1858 1222 2250 2016 2360 1960 2650 1970 1279 2923 1989 2143
1220 0 2191 0 971 0 2867 0 2456 375 1984 1858 1222 2250 2016 2360 1960 2650 1970 1279 2923 1989 2143
1264 0 2191 0 875 0 2867 0 2360 375 1984 1858 1222 2250 2016 2360 1960 2650 1970 1279 2923 1989 2143
1308 0 2191 0 779 0 2867 0 2264 375 1984 1858 1222 2250 2016 2360 1960 2650 1970 1279 2923 1989 2143
1352 0 2191 0 683 0 2867 0 2168 375 1984 1858 1222 2250 2016 2360 1960 2650 1970 1279 2923 1989 2143
1408 0 2270 0 587 0 2867 0 2072 375 1984 1858 1222 2250 2016 2360 1960 2650 1970 1279 2923 1989 2143
1452 0 2270 0 491 0 2867 0 1976 375 1984 1858 1222 2250 2016 2360 1960 2650 1970 1279 2923 1989 2143
1496 0 2270 0 395 0 2867 0 1880 375 1984 1858 1222 2250 2016 2360 1960 2650 1970 1279 2923 1989 2143
1541 0 2270 0 299 0 2867 0 1784 375 1984 1858 1222 2250 2016 2360 1960 2650 1970 1279 2923 1989 2143
1585 0 2270 0 203 0 2867 0 1688 375 1984 1858 1222 2250 2016 2360 1960 2650 1970 1279 2923 1989 2143
1629 0 2270 0 138 0 2867 0 1592 375 1984 1858 1222 2250 2016 2360 1960 2650 1970 1279 2923 1989 2143
1677 0 2270 0 138 0 2867 0 1448 375 1984 1858 1222 2250 2016 2360 1960 2650 1970 1279 2923 1989 2143
1725 0 2270 0 138 0 2867 0 1304 375 1984 1858 1222 2250 2016 2360 1960 2650 1970 1279 2923 1989 2143
1778 0 2318 0 138 0 2867 0 1160 375 1984 1858 1222 2250 2016 2360 1960 2650 1970 1279 2923 1989 2143
1832 0 2322 0 138 0 2867 0 1016 375 1984 1858 1222 2250 2016 2360 1960 2650 1970 1279 2923 1989 2143
1892 0 2322 0 138 0 2920 0 872 375 1984 1858 1222 2250 2016 2360 1960 2650 1970 1279 2923 1989 2143
1941 0 2322 0 138 0 2920 0 728 375 1984 1858 1222 2250 2016 2360 1960 2650 1970 1279 2923 1989 2143
1989 0 2322 0 138 0 2920 0 584 375 1984 1858 1222 2250 2016 2360 1960 2650 1970 1279 2923 1989 2143
2037 0 2322 0 138 0 2920 0 440 375 1984 1858 1222 2250 2016 2360 1960 2650 1970 1279 2923 1989 2143
2085 0 2322 0 138 0 2920 0 296 375 1984 1858 1222 2250 2016 2360 1960 2650 1970 1279 2923 1989 2143
2133 0 2322 0 138 0 2920 0 152 375 1984 1858 1222 2250 2016 2360 1960 2650 1970 1279 2923 1989 2143
2181 0 2322 0 138 0 2920 0 8 375 1984 1858 1222 2250 2016 2360 1960 2650 1970 1279 2923 1989 2143
2515 0 2322 0 138 0 2872 0 0 375 1984 1858 1222 2250 2016 2360 1960 2650 1970 1279 2923 1989 2143
2769 0 2322 0 138 0 2779 0 0 375 1984 1858 1222 2250 2016 2360 1960 2650 1970 1279 2923 1989 2143
2817 0 2322 0 138 0 2635 0 0 375 1984 1858 1222 2250 2016 2360 1960 2650 1970 1279 2923 1989 2143
2865 0 2322 0 138 0 2491 0 0 375 1984 1858 1222 2250 2016 2360 1960 2650 1970 1279 2923 1989 2143
2912 0 2322 0 138 0 2347 0 0 375 1984 1858 1222 2250 2016 2360 1960 2650 1970 1279 2923 1989 2143
2960 0 2322 0 138 0 2203 0 0 375 1984 1858 1222 2250 2016 2360 1960 2650 1970 1279 2923 1989 2143
3008 0 2322 0 138 0 2059 0 0 375 1984 1858 1222 2250 2016 2360 1960 2650 1970 1279 2923 1989 2143
3056 0 2322 0 138 0 1915 0 0 375 1984 1858 1222 2250 2016 2360 1960 2650 1970 1279 2923 1989 2143
