# dynamixel ids: 47 37 46 36 44 34 45 35 33 43 31 41 1 2 3 4 21 22 5 6 19 20 
1037 0 2387 0 1286 0 3040 0 1852 375 1984 1858 1222 2250 2016 2360 1960 2650 1970 1279 2923 1989 2143
1091 0 2387 0 1255 0 3040 0 1708 375 1984 1858 1222 2250 2016 2360 1960 2650 1970 1279 2923 1989 2143
1145 0 2387 0 1207 0 3040 0 1564 375 1984 1858 1222 2250 2016 2360 1960 2650 1970 1279 2923 1989 2143
1189 0 2387 0 1111 0 3040 0 1468 375 1984 1858 1222 2250 2016 2360 1960 2650 1970 1279 2923 1989 2143
1233 0 2387 0 1015 0 3040 0 1372 375 1984 1858 1222 2250 2016 2360 1960 2650 1970 1279 2923 1989 2143
1277 0 2387 0 919 0 3040 0 1276 375 1984 1858 1222 2250 2016 2360 1960 2650 1970 1279 2923 1989 2143
1321 0 2387 0 823 0 3040 0 1180 375 1984 1858 1222 2250 2016 2360 1960 2650 1970 1279 2923 1989 2143
1365 0 2387 0 727 0 3040 0 1084 375 1984 1858 1222 2250 2016 2360 1960 2650 1970 1279 2923 1989 2143
1409 0 2387 0 631 0 3040 0 988 375 1984 1858 1222 2250 2016 2360 1960 2650 1970 1279 2923 1989 2143
1453 0 2387 0 535 0 3040 0 892 375 1984 1858 1222 2250 2016 2360 1960 2650 1970 1279 2923 1989 2143
1497 0 2387 0 439 0 3040 0 796 375 1984 1858 1222 2250 2016 2360 1960 2650 1970 1279 2923 1989 2143
1541 0 2387 0 343 0 3040 0 700 375 1984 1858 1222 2250 2016 2360 1960 2650 1970 1279 2923 1989 2143
1584 0 2387 0 247 0 3040 0 604 375 1984 1858 1222 2250 2016 2360 1960 2650 1970 1279 2923 1989 2143
1628 0 2387 0 151 0 3040 0 508 375 1984 1858 1222 2250 2016 2360 1960 2650 1970 1279 2923 1989 2143
1682 0 2387 0 128 0 3040 0 364 375 1984 1858 1222 2250 2016 2360 1960 2650 1970 1279 2923 1989 2143
1730 0 2387 0 128 0 3040 0 220 375 1984 1858 1222 2250 2016 2360 1960 2650 1970 1279 2923 1989 2143
1784 0 2387 0 128 0 2992 0 76 375 1984 1858 1222 2250 2016 2360 1960 2650 1970 1279 2923 1989 2143
1828 0 2387 0 128 0 2896 0 0 375 1984 1858 1222 2250 2016 2360 1960 2650 1970 1279 2923 1989 2143
1876 0 2387 0 128 0 2765 0 0 375 1984 1858 1222 2250 2016 2360 1960 2650 1970 1279 2923 1989 2143
1925 0 2387 0 128 0 2621 0 0 375 1984 1858 1222 2250 2016 2360 1960 2650 1970 1279 2923 1989 2143
1973 0 2387 0 128 0 2477 0 0 375 1984 1858 1222 2250 2016 2360 1960 2650 1970 1279 2923 1989 2143
2021 0 2387 0 128 0 2333 0 0 375 1984 1858 1222 2250 2016 2360 1960 2650 1970 1279 2923 1989 2143
2069 0 2387 0 128 0 2189 0 0 375 1984 1858 1222 2250 2016 2360 1960 2650 1970 1279 2923 1989 2143
2118 0 2387 0 128 0 2045 0 0 375 1984 1858 1222 2250 2016 2360 1960 2650 1970 1279 2923 1989 2143
2166 0 2387 0 128 0 1901 0 0 375 1984 1858 1222 2250 2016 2360 1960 2650 1970 1279 2923 1989 2143
2214 0 2387 0 128 0 1757 0 0 375 1984 1858 1222 2250 2016 2360 1960 2650 1970 1279 2923 1989 2143
2262 0 2387 0 128 0 1613 0 0 375 1984 1858 1222 2250 2016 2360 1960 2650 1970 1279 2923 1989 2143
2311 0 2387 0 128 0 1469 0 0 375 1984 1858 1222 2250 2016 2360 1960 2650 1970 1279 2923 1989 2143
2359 0 2387 0 128 0 1325 0 0 375 1984 1858 1222 2250 2016 2360 1960 2650 1970 1279 2923 1989 2143
2407 0 2387 0 128 0 1181 0 0 375 1984 1858 1222 2250 2016 2360 1960 2650 1970 1279 2923 1989 2143
2454 0 2387 0 128 0 1037 0 0 375 1984 1858 1222 2250 2016 2360 1960 2650 1970 1279 2923 1989 2143
2503 0 2387 0 128 0 893 0 0 375 1984 1858 1222 2250 2016 2360 1960 2650 1970 1279 2923 1989 2143
2551 0 2387 0 128 0 749 0 0 375 1984 1858 1222 2250 2016 2360 1960 2650 1970 1279 2923 1989 2143
2599 0 2387 0 128 0 605 0 0 375 1984 1858 1222 2250 2016 2360 1960 2650 1970 1279 2923 1989 2143
2648 0 2387 0 128 0 480 0 0 375 1984 1858 1222 2250 2016 2360 1960 2650 1970 1279 2923 1989 2143
2886 0 2387 0 128 0 432 0 0 375 1984 1858 1222 2250 2016 2360 1960 2650 1970 1279 2923 1989 2143
