# dynamixel ids: 47 37 46 36 44 34 45 35 33 43 31 41 1 2 3 4 21 22 5 6 19 20 
372 0 2387 0 168 0 941 0 0 375 1984 1858 1222 2250 2016 2360 1960 2650 1970 1279 2923 1989 2143
465 0 2387 0 168 0 1021 0 0 375 1984 1858 1222 2250 2016 2360 1960 2650 1970 1279 2923 1989 2143
715 0 2387 0 168 0 1155 0 0 375 1984 1858 1222 2250 2016 2360 1960 2650 1970 1279 2923 1989 2143
763 0 2387 0 168 0 1299 0 0 375 1984 1858 1222 2250 2016 2360 1960 2650 1970 1279 2923 1989 2143
811 0 2387 0 168 0 1443 0 0 375 1984 1858 1222 2250 2016 2360 1960 2650 1970 1279 2923 1989 2143
859 0 2387 0 168 0 1587 0 0 375 1984 1858 1222 2250 2016 2360 1960 2650 1970 1279 2923 1989 2143
906 0 2387 0 168 0 1731 0 0 375 1984 1858 1222 2250 2016 2360 1960 2650 1970 1279 2923 1989 2143
964 0 2387 0 168 0 1875 0 0 375 1984 1858 1222 2250 2016 2360 1960 2650 1970 1279 2923 1989 2143
1012 0 2387 0 168 0 2019 0 0 375 1984 1858 1222 2250 2016 2360 1960 2650 1970 1279 2923 1989 2143
1060 0 2387 0 168 0 2163 0 0 375 1984 1858 1222 2250 2016 2360 1960 2650 1970 1279 2923 1989 2143
1108 0 2387 0 168 0 2307 0 0 375 1984 1858 1222 2250 2016 2360 1960 2650 1970 1279 2923 1989 2143
1156 0 2387 0 168 0 2451 0 0 375 1984 1858 1222 2250 2016 2360 1960 2650 1970 1279 2923 1989 2143
1204 0 2387 0 168 0 2595 0 0 375 1984 1858 1222 2250 2016 2360 1960 2650 1970 1279 2923 1989 2143
1252 0 2387 0 168 0 2739 0 0 375 1984 1858 1222 2250 2016 2360 1960 2650 1970 1279 2923 1989 2143
1300 0 2387 0 168 0 2883 0 0 375 1984 1858 1222 2250 2016 2360 1960 2650 1970 1279 2923 1989 2143
1348 0 2387 0 168 0 3027 0 0 375 1984 1858 1222 2250 2016 2360 1960 2650 1970 1279 2923 1989 2143
1396 0 2387 0 168 0 3171 0 0 375 1984 1858 1222 2250 2016 2360 1960 2650 1970 1279 2923 1989 2143
1444 0 2387 0 168 0 3315 0 0 375 1984 1858 1222 2250 2016 2360 1960 2650 1970 1279 2923 1989 2143
1492 0 2387 0 168 0 3453 0 0 375 1984 1858 1222 2250 2016 2360 1960 2650 1970 1279 2923 1989 2143
1575 0 2387 0 216 0 3405 0 0 375 1984 1858 1222 2250 2016 2360 1960 2650 1970 1279 2923 1989 2143
1880 0 2387 0 285 0 3312 0 0 375 1984 1858 1222 2250 2016 2360 1960 2650 1970 1279 2923 1989 2143
1934 0 2387 0 429 0 3280 0 0 375 1984 1858 1222 2250 2016 2360 1960 2650 1970 1279 2923 1989 2143
1982 0 2387 0 573 0 3280 0 0 375 1984 1858 1222 2250 2016 2360 1960 2650 1970 1279 2923 1989 2143
2030 0 2387 0 717 0 3280 0 0 375 1984 1858 1222 2250 2016 2360 1960 2650 1970 1279 2923 1989 2143
2126 0 2387 0 814 0 3280 0 48 375 1984 1858 1222 2250 2016 2360 1960 2650 1970 1279 2923 1989 2143
2170 0 2387 0 910 0 3280 0 144 375 1984 1858 1222 2250 2016 2360 1960 2650 1970 1279 2923 1989 2143
2214 0 2387 0 965 0 3280 0 240 375 1984 1858 1222 2250 2016 2360 1960 2650 1970 1279 2923 1989 2143
2262 0 2387 0 965 0 3280 0 384 375 1984 1858 1222 2250 2016 2360 1960 2650 1970 1279 2923 1989 2143
2310 0 2387 0 965 0 3280 0 528 375 1984 1858 1222 2250 2016 2360 1960 2650 1970 1279 2923 1989 2143
2364 0 2387 0 1005 0 3280 0 672 375 1984 1858 1222 2250 2016 2360 1960 2650 1970 1279 2923 1989 2143
2413 0 2387 0 1005 0 3280 0 816 375 1984 1858 1222 2250 2016 2360 1960 2650 1970 1279 2923 1989 2143
2461 0 2387 0 1005 0 3280 0 960 375 1984 1858 1222 2250 2016 2360 1960 2650 1970 1279 2923 1989 2143
2505 0 2387 0 1095 0 3280 0 1056 375 1984 1858 1222 2250 2016 2360 1960 2650 1970 1279 2923 1989 2143
2549 0 2387 0 1155 0 3280 0 1152 375 1984 1858 1222 2250 2016 2360 1960 2650 1970 1279 2923 1989 2143
2597 0 2387 0 1155 0 3280 0 1296 375 1984 1858 1222 2250 2016 2360 1960 2650 1970 1279 2923 1989 2143
2641 0 2387 0 1203 0 3232 0 1392 375 1984 1858 1222 2250 2016 2360 1960 2650 1970 1279 2923 1989 2143
2685 0 2387 0 1235 0 3227 0 1488 375 1984 1858 1222 2250 2016 2360 1960 2650 1970 1279 2923 1989 2143
2745 0 2387 0 1295 0 3227 0 1632 375 1984 1858 1222 2250 2016 2360 1960 2650 1970 1279 2923 1989 2143
2799 0 2387 0 1334 0 3227 0 1776 375 1984 1858 1222 2250 2016 2360 1960 2650 1970 1279 2923 1989 2143
2847 0 2387 0 1334 0 3227 0 1920 375 1984 1858 1222 2250 2016 2360 1960 2650 1970 1279 2923 1989 2143
2895 0 2387 0 1334 0 3227 0 2064 375 1984 1858 1222 2250 2016 2360 1960 2650 1970 1279 2923 1989 2143
2944 0 2387 0 1334 0 3227 0 2208 375 1984 1858 1222 2250 2016 2360 1960 2650 1970 1279 2923 1989 2143
2997 0 2387 0 1374 0 3227 0 2352 375 1984 1858 1222 2250 2016 2360 1960 2650 1970 1279 2923 1989 2143
3045 0 2387 0 1374 0 3227 0 2496 375 1984 1858 1222 2250 2016 2360 1960 2650 1970 1279 2923 1989 2143
3325 0 2387 0 1334 0 3179 0 2500 375 1984 1858 1222 2250 2016 2360 1960 2650 1970 1279 2923 1989 2143
3418 0 2387 0 1334 0 3173 0 2452 375 1984 1858 1222 2250 2016 2360 1960 2650 1970 1279 2923 1989 2143
3466 0 2387 0 1334 0 3173 0 2308 375 1984 1858 1222 2250 2016 2360 1960 2650 1970 1279 2923 1989 2143
4023 0 2387 0 1334 0 3125 0 2300 375 1984 1858 1222 2250 2016 2360 1960 2650 1970 1279 2923 1989 2143
4227 0 2387 0 1334 0 3120 0 2252 375 1984 1858 1222 2250 2016 2360 1960 2650 1970 1279 2923 1989 2143
4275 0 2387 0 1334 0 3120 0 2108 375 1984 1858 1222 2250 2016 2360 1960 2650 1970 1279 2923 1989 2143
5072 0 2387 0 1334 0 3072 0 2100 375 1984 1858 1222 2250 2016 2360 1960 2650 1970 1279 2923 1989 2143
