# dynamixel ids: 47 37 46 36 44 34 45 35 33 43 31 41 1 2 3 4 21 22 5 6 19 20 
200 0 0 0 257 0 1019 0 0 2004 2007 2211 1521 2298 2030 2184 1961 2650 1943 1383 2935 1990 2143
449 0 0 0 257 0 981 0 0 2004 2007 2211 1521 2298 2030 2184 1961 2650 1943 1383 2935 1990 2143
598 0 0 0 257 0 1088 0 0 2004 2007 2211 1521 2298 2030 2184 1961 2650 1943 1383 2935 1990 2143
646 0 0 0 257 0 1213 0 0 2004 2007 2211 1521 2298 2030 2184 1961 2650 1943 1383 2935 1990 2143
703 0 0 0 257 0 1261 0 0 2004 2007 2211 1521 2298 2030 2184 1961 2650 1943 1383 2935 1990 2143
751 0 0 0 257 0 1405 0 0 2004 2007 2211 1521 2298 2030 2184 1961 2650 1943 1383 2935 1990 2143
799 0 0 0 257 0 1549 0 0 2004 2007 2211 1521 2298 2030 2184 1961 2650 1943 1383 2935 1990 2143
847 0 0 0 257 0 1693 0 0 2004 2007 2211 1521 2298 2030 2184 1961 2650 1943 1383 2935 1990 2143
895 0 0 0 257 0 1837 0 0 2004 2007 2211 1521 2298 2030 2184 1961 2650 1943 1383 2935 1990 2143
943 0 0 0 257 0 1981 0 0 2004 2007 2211 1521 2298 2030 2184 1961 2650 1943 1383 2935 1990 2143
991 0 0 0 257 0 2125 0 0 2004 2007 2211 1521 2298 2030 2184 1961 2650 1943 1383 2935 1990 2143
1039 0 0 0 257 0 2269 0 0 2004 2007 2211 1521 2298 2030 2184 1961 2650 1943 1383 2935 1990 2143
1087 0 0 0 257 0 2413 0 0 2004 2007 2211 1521 2298 2030 2184 1961 2650 1943 1383 2935 1990 2143
1135 0 0 0 257 0 2557 0 0 2004 2007 2211 1521 2298 2030 2184 1961 2650 1943 1383 2935 1990 2143
1183 0 0 0 257 0 2701 0 0 2004 2007 2211 1521 2298 2030 2184 1961 2650 1943 1383 2935 1990 2143
1231 0 0 0 257 0 2845 0 0 2004 2007 2211 1521 2298 2030 2184 1961 2650 1943 1383 2935 1990 2143
1300 0 48 0 257 0 2907 0 0 2004 2007 2211 1521 2298 2030 2184 1961 2650 1943 1383 2935 1990 2143
1348 0 192 0 257 0 2907 0 0 2004 2007 2211 1521 2298 2030 2184 1961 2650 1943 1383 2935 1990 2143
1396 0 336 0 257 0 2907 0 0 2004 2007 2211 1521 2298 2030 2184 1961 2650 1943 1383 2935 1990 2143
1450 0 470 0 257 0 2859 0 0 2004 2007 2211 1521 2298 2030 2184 1961 2650 1943 1383 2935 1990 2143
1504 0 614 0 257 0 2827 0 0 2004 2007 2211 1521 2298 2030 2184 1961 2650 1943 1383 2935 1990 2143
1552 0 758 0 257 0 2827 0 0 2004 2007 2211 1521 2298 2030 2184 1961 2650 1943 1383 2935 1990 2143
1600 0 902 0 257 0 2827 0 0 2004 2007 2211 1521 2298 2030 2184 1961 2650 1943 1383 2935 1990 2143
1660 0 1046 0 305 0 2779 0 0 2004 2007 2211 1521 2298 2030 2184 1961 2650 1943 1383 2935 1990 2143
1716 0 1142 0 401 0 2683 0 0 2004 2007 2211 1521 2298 2030 2184 1961 2650 1943 1383 2935 1990 2143
1766 0 1238 0 497 0 2667 0 0 2004 2007 2211 1521 2298 2030 2184 1961 2650 1943 1383 2935 1990 2143
1810 0 1334 0 593 0 2667 0 0 2004 2007 2211 1521 2298 2030 2184 1961 2650 1943 1383 2935 1990 2143
1854 0 1430 0 656 0 2667 0 0 2004 2007 2211 1521 2298 2030 2184 1961 2650 1943 1383 2935 1990 2143
1903 0 1574 0 656 0 2667 0 0 2004 2007 2211 1521 2298 2030 2184 1961 2650 1943 1383 2935 1990 2143
1951 0 1718 0 656 0 2667 0 0 2004 2007 2211 1521 2298 2030 2184 1961 2650 1943 1383 2935 1990 2143
2005 0 1862 0 704 0 2667 0 0 2004 2007 2211 1521 2298 2030 2184 1961 2650 1943 1383 2935 1990 2143
2055 0 1958 0 784 0 2715 0 0 2004 2007 2211 1521 2298 2030 2184 1961 2650 1943 1383 2935 1990 2143
2099 0 2054 0 806 0 2733 0 0 2004 2007 2211 1521 2298 2030 2184 1961 2650 1943 1383 2935 1990 2143
2159 0 2198 0 846 0 2685 0 0 2004 2007 2211 1521 2298 2030 2184 1961 2650 1943 1383 2935 1990 2143
2213 0 2342 0 846 0 2667 0 0 2004 2007 2211 1521 2298 2030 2184 1961 2650 1943 1383 2935 1990 2143
2261 0 2486 0 846 0 2667 0 0 2004 2007 2211 1521 2298 2030 2184 1961 2650 1943 1383 2935 1990 2143
2309 0 2630 0 846 0 2667 0 0 2004 2007 2211 1521 2298 2030 2184 1961 2650 1943 1383 2935 1990 2143
2356 0 2774 0 846 0 2667 0 0 2004 2007 2211 1521 2298 2030 2184 1961 2650 1943 1383 2935 1990 2143
2404 0 2918 0 846 0 2667 0 0 2004 2007 2211 1521 2298 2030 2184 1961 2650 1943 1383 2935 1990 2143
2513 0 2887 0 846 0 2715 0 0 2004 2007 2211 1521 2298 2030 2184 1961 2650 1943 1383 2935 1990 2143
2567 0 2870 0 846 0 2859 0 0 2004 2007 2211 1521 2298 2030 2184 1961 2650 1943 1383 2935 1990 2143
2615 0 2870 0 846 0 2987 0 0 2004 2007 2211 1521 2298 2030 2184 1961 2650 1943 1383 2935 1990 2143
2664 0 2822 0 846 0 3035 0 48 2004 2007 2211 1521 2298 2030 2184 1961 2650 1943 1383 2935 1990 2143
2720 0 2817 0 806 0 3128 0 144 2004 2007 2211 1521 2298 2030 2184 1961 2650 1943 1383 2935 1990 2143
2764 0 2817 0 806 0 3224 0 240 2004 2007 2211 1521 2298 2030 2184 1961 2650 1943 1383 2935 1990 2143
2808 0 2817 0 806 0 3301 0 336 2004 2007 2211 1521 2298 2030 2184 1961 2650 1943 1383 2935 1990 2143
2862 0 2817 0 806 0 3307 0 480 2004 2007 2211 1521 2298 2030 2184 1961 2650 1943 1383 2935 1990 2143
2917 0 2817 0 806 0 3355 0 624 2004 2007 2211 1521 2298 2030 2184 1961 2650 1943 1383 2935 1990 2143
2971 0 2817 0 806 0 3360 0 768 2004 2007 2211 1521 2298 2030 2184 1961 2650 1943 1383 2935 1990 2143
3031 0 2765 0 806 0 3360 0 912 2004 2007 2211 1521 2298 2030 2184 1961 2650 1943 1383 2935 1990 2143
3079 0 2765 0 806 0 3360 0 1056 2004 2007 2211 1521 2298 2030 2184 1961 2650 1943 1383 2935 1990 2143
3127 0 2765 0 806 0 3360 0 1008 2004 2007 2211 1521 2298 2030 2184 1961 2650 1943 1383 2935 1990 2143
3406 0 2765 0 806 0 3360 0 998 2004 2007 2211 1521 2298 2030 2184 1961 2650 1943 1383 2935 1990 2143
3460 0 2717 0 806 0 3360 0 1142 2004 2007 2211 1521 2298 2030 2184 1961 2650 1943 1383 2935 1990 2143
3514 0 2713 0 806 0 3360 0 1286 2004 2007 2211 1521 2298 2030 2184 1961 2650 1943 1383 2935 1990 2143
3568 0 2713 0 806 0 3312 0 1430 2004 2007 2211 1521 2298 2030 2184 1961 2650 1943 1383 2935 1990 2143
3622 0 2713 0 806 0 3307 0 1574 2004 2007 2211 1521 2298 2030 2184 1961 2650 1943 1383 2935 1990 2143
3670 0 2713 0 806 0 3307 0 1718 2004 2007 2211 1521 2298 2030 2184 1961 2650 1943 1383 2935 1990 2143
3718 0 2713 0 806 0 3307 0 1862 2004 2007 2211 1521 2298 2030 2184 1961 2650 1943 1383 2935 1990 2143
3766 0 2713 0 806 0 3307 0 2006 2004 2007 2211 1521 2298 2030 2184 1961 2650 1943 1383 2935 1990 2143
3814 0 2713 0 806 0 3307 0 2150 2004 2007 2211 1521 2298 2030 2184 1961 2650 1943 1383 2935 1990 2143
3862 0 2713 0 806 0 3307 0 2294 2004 2007 2211 1521 2298 2030 2184 1961 2650 1943 1383 2935 1990 2143
3910 0 2713 0 806 0 3307 0 2438 2004 2007 2211 1521 2298 2030 2184 1961 2650 1943 1383 2935 1990 2143
3958 0 2713 0 806 0 3307 0 2582 2004 2007 2211 1521 2298 2030 2184 1961 2650 1943 1383 2935 1990 2143
4012 0 2713 0 806 0 3259 0 2726 2004 2007 2211 1521 2298 2030 2184 1961 2650 1943 1383 2935 1990 2143
4056 0 2665 0 806 0 3227 0 2822 2004 2007 2211 1521 2298 2030 2184 1961 2650 1943 1383 2935 1990 2143
4110 0 2661 0 806 0 3227 0 2966 2004 2007 2211 1521 2298 2030 2184 1961 2650 1943 1383 2935 1990 2143
5159 0 2661 0 806 0 3179 0 3000 2004 2007 2211 1521 2298 2030 2184 1961 2650 1943 1383 2935 1990 2143
5351 0 2613 0 806 0 3173 0 3000 2004 2007 2211 1521 2298 2030 2184 1961 2650 1943 1383 2935 1990 2143
5605 0 2609 0 766 0 3173 0 3000 2004 2007 2211 1521 2298 2030 2184 1961 2650 1943 1383 2935 1990 2143
6960 0 2561 0 766 0 3173 0 3000 2004 2007 2211 1521 2298 2030 2184 1961 2650 1943 1383 2935 1990 2143
