# dynamixel ids: 47 37 46 36 44 34 45 35 33 43 31 41 1 2 3 4 21 22 5 6 19 20 
22 0 2504 0 766 0 3248 0 3000 2004 2007 2211 1521 2298 2030 2184 1961 2650 1943 1383 2935 1990 2143
64 0 2504 0 766 0 3341 0 3000 2004 2007 2211 1521 2298 2030 2184 1961 2650 1943 1383 2935 1990 2143
374 0 2552 0 766 0 3413 0 3000 2004 2007 2211 1521 2298 2030 2184 1961 2650 1943 1383 2935 1990 2143
517 0 2557 0 766 0 3365 0 3000 2004 2007 2211 1521 2298 2030 2184 1961 2650 1943 1383 2935 1990 2143
872 0 2557 0 766 0 3285 0 3000 2004 2007 2211 1521 2298 2030 2184 1961 2650 1943 1383 2935 1990 2143
1474 0 2605 0 766 0 3232 0 3000 2004 2007 2211 1521 2298 2030 2184 1961 2650 1943 1383 2935 1990 2143
1528 0 2683 0 726 0 3227 0 3000 2004 2007 2211 1521 2298 2030 2184 1961 2650 1943 1383 2935 1990 2143
1576 0 2791 0 726 0 3227 0 3000 2004 2007 2211 1521 2298 2030 2184 1961 2650 1943 1383 2935 1990 2143
1634 0 2743 0 678 0 3275 0 3000 2004 2007 2211 1521 2298 2030 2184 1961 2650 1943 1383 2935 1990 2143
1678 0 2647 0 666 0 3280 0 3000 2004 2007 2211 1521 2298 2030 2184 1961 2650 1943 1383 2935 1990 2143
1722 0 2551 0 618 0 3328 0 3000 2004 2007 2211 1521 2298 2030 2184 1961 2650 1943 1383 2935 1990 2143
1778 0 2455 0 522 0 3333 0 2952 2004 2007 2211 1521 2298 2030 2184 1961 2650 1943 1383 2935 1990 2143
1834 0 2359 0 427 0 3333 0 2856 2004 2007 2211 1521 2298 2030 2184 1961 2650 1943 1383 2935 1990 2143
1884 0 2263 0 379 0 3333 0 2760 2004 2007 2211 1521 2298 2030 2184 1961 2650 1943 1383 2935 1990 2143
1940 0 2167 0 307 0 3333 0 2664 2004 2007 2211 1521 2298 2030 2184 1961 2650 1943 1383 2935 1990 2143
1990 0 2071 0 259 0 3333 0 2568 2004 2007 2211 1521 2298 2030 2184 1961 2650 1943 1383 2935 1990 2143
2040 0 1975 0 237 0 3333 0 2472 2004 2007 2211 1521 2298 2030 2184 1961 2650 1943 1383 2935 1990 2143
2083 0 1879 0 237 0 3333 0 2376 2004 2007 2211 1521 2298 2030 2184 1961 2650 1943 1383 2935 1990 2143
2133 0 1783 0 189 0 3333 0 2280 2004 2007 2211 1521 2298 2030 2184 1961 2650 1943 1383 2935 1990 2143
2183 0 1687 0 178 0 3333 0 2184 2004 2007 2211 1521 2298 2030 2184 1961 2650 1943 1383 2935 1990 2143
2227 0 1591 0 178 0 3333 0 2088 2004 2007 2211 1521 2298 2030 2184 1961 2650 1943 1383 2935 1990 2143
2272 0 1495 0 178 0 3333 0 1992 2004 2007 2211 1521 2298 2030 2184 1961 2650 1943 1383 2935 1990 2143
2316 0 1399 0 178 0 3333 0 1896 2004 2007 2211 1521 2298 2030 2184 1961 2650 1943 1383 2935 1990 2143
2360 0 1303 0 178 0 3333 0 1800 2004 2007 2211 1521 2298 2030 2184 1961 2650 1943 1383 2935 1990 2143
2404 0 1207 0 178 0 3333 0 1704 2004 2007 2211 1521 2298 2030 2184 1961 2650 1943 1383 2935 1990 2143
2460 0 1111 0 128 0 3333 0 1608 2004 2007 2211 1521 2298 2030 2184 1961 2650 1943 1383 2935 1990 2143
2504 0 1015 0 128 0 3333 0 1512 2004 2007 2211 1521 2298 2030 2184 1961 2650 1943 1383 2935 1990 2143
2560 0 919 0 128 0 3280 0 1416 2004 2007 2211 1521 2298 2030 2184 1961 2650 1943 1383 2935 1990 2143
2604 0 823 0 128 0 3280 0 1320 2004 2007 2211 1521 2298 2030 2184 1961 2650 1943 1383 2935 1990 2143
2648 0 727 0 128 0 3280 0 1224 2004 2007 2211 1521 2298 2030 2184 1961 2650 1943 1383 2935 1990 2143
2692 0 631 0 128 0 3280 0 1128 2004 2007 2211 1521 2298 2030 2184 1961 2650 1943 1383 2935 1990 2143
2736 0 535 0 128 0 3280 0 1032 2004 2007 2211 1521 2298 2030 2184 1961 2650 1943 1383 2935 1990 2143
2780 0 439 0 128 0 3280 0 936 2004 2007 2211 1521 2298 2030 2184 1961 2650 1943 1383 2935 1990 2143
2830 0 343 0 128 0 3232 0 840 2004 2007 2211 1521 2298 2030 2184 1961 2650 1943 1383 2935 1990 2143
2886 0 247 0 128 0 3248 0 744 2004 2007 2211 1521 2298 2030 2184 1961 2650 1943 1383 2935 1990 2143
2936 0 151 0 128 0 3253 0 648 2004 2007 2211 1521 2298 2030 2184 1961 2650 1943 1383 2935 1990 2143
2980 0 55 0 128 0 3253 0 552 2004 2007 2211 1521 2298 2030 2184 1961 2650 1943 1383 2935 1990 2143
3024 0 0 0 128 0 3253 0 456 2004 2007 2211 1521 2298 2030 2184 1961 2650 1943 1383 2935 1990 2143
3072 0 0 0 128 0 3253 0 312 2004 2007 2211 1521 2298 2030 2184 1961 2650 1943 1383 2935 1990 2143
3125 0 0 0 128 0 3253 0 168 2004 2007 2211 1521 2298 2030 2184 1961 2650 1943 1383 2935 1990 2143
3173 0 0 0 128 0 3253 0 24 2004 2007 2211 1521 2298 2030 2184 1961 2650 1943 1383 2935 1990 2143
3976 0 0 0 176 0 3205 0 0 2004 2007 2211 1521 2298 2030 2184 1961 2650 1943 1383 2935 1990 2143
4030 0 0 0 297 0 3187 0 0 2004 2007 2211 1521 2298 2030 2184 1961 2650 1943 1383 2935 1990 2143
4083 0 26 0 345 0 3187 0 0 2004 2007 2211 1521 2298 2030 2184 1961 2650 1943 1383 2935 1990 2143
4137 0 74 0 489 0 3187 0 0 2004 2007 2211 1521 2298 2030 2184 1961 2650 1943 1383 2935 1990 2143
4181 0 170 0 585 0 3187 0 0 2004 2007 2211 1521 2298 2030 2184 1961 2650 1943 1383 2935 1990 2143
4231 0 266 0 681 0 3235 0 0 2004 2007 2211 1521 2298 2030 2184 1961 2650 1943 1383 2935 1990 2143
4280 0 362 0 777 0 3253 0 0 2004 2007 2211 1521 2298 2030 2184 1961 2650 1943 1383 2935 1990 2143
4330 0 458 0 873 0 3253 0 48 2004 2007 2211 1521 2298 2030 2184 1961 2650 1943 1383 2935 1990 2143
4386 0 554 0 969 0 3253 0 144 2004 2007 2211 1521 2298 2030 2184 1961 2650 1943 1383 2935 1990 2143
4436 0 650 0 1065 0 3253 0 150 2004 2007 2211 1521 2298 2030 2184 1961 2650 1943 1383 2935 1990 2143
4486 0 746 0 1161 0 3253 0 102 2004 2007 2211 1521 2298 2030 2184 1961 2650 1943 1383 2935 1990 2143
4542 0 842 0 1257 0 3253 0 6 2004 2007 2211 1521 2298 2030 2184 1961 2650 1943 1383 2935 1990 2143
4592 0 848 0 1334 0 3253 0 0 2004 2007 2211 1521 2298 2030 2184 1961 2650 1943 1383 2935 1990 2143
4635 0 800 0 1286 0 3253 0 0 2004 2007 2211 1521 2298 2030 2184 1961 2650 1943 1383 2935 1990 2143
4679 0 704 0 1190 0 3253 0 0 2004 2007 2211 1521 2298 2030 2184 1961 2650 1943 1383 2935 1990 2143
4729 0 608 0 1094 0 3205 0 0 2004 2007 2211 1521 2298 2030 2184 1961 2650 1943 1383 2935 1990 2143
4779 0 512 0 998 0 3200 0 0 2004 2007 2211 1521 2298 2030 2184 1961 2650 1943 1383 2935 1990 2143
4823 0 416 0 902 0 3200 0 0 2004 2007 2211 1521 2298 2030 2184 1961 2650 1943 1383 2935 1990 2143
4867 0 320 0 806 0 3200 0 0 2004 2007 2211 1521 2298 2030 2184 1961 2650 1943 1383 2935 1990 2143
4911 0 224 0 710 0 3200 0 0 2004 2007 2211 1521 2298 2030 2184 1961 2650 1943 1383 2935 1990 2143
4955 0 128 0 614 0 3200 0 0 2004 2007 2211 1521 2298 2030 2184 1961 2650 1943 1383 2935 1990 2143
4999 0 32 0 518 0 3200 0 0 2004 2007 2211 1521 2298 2030 2184 1961 2650 1943 1383 2935 1990 2143
5053 0 0 0 374 0 3200 0 0 2004 2007 2211 1521 2298 2030 2184 1961 2650 1943 1383 2935 1990 2143
5101 0 0 0 230 0 3200 0 0 2004 2007 2211 1521 2298 2030 2184 1961 2650 1943 1383 2935 1990 2143
5149 0 0 0 128 0 3200 0 0 2004 2007 2211 1521 2298 2030 2184 1961 2650 1943 1383 2935 1990 2143
