# dynamixel ids: 47 37 46 36 44 34 45 35 33 43 31 41 1 2 3 4 21 22 5 6 19 20 
126 0 1610 0 1682 0 1947 0 1300 2028 2007 195 1509 2111 2027 2246 1966 2436 1939 1082 2935 1991 2144
469 0 1610 0 1684 0 1899 0 1300 2028 2007 195 1509 2111 2027 2246 1966 2436 1939 1082 2935 1991 2144
521 0 1610 0 1723 0 1867 0 1300 2028 2007 195 1509 2111 2027 2246 1966 2436 1939 1082 2935 1991 2144
769 0 1610 0 1771 0 1867 0 1300 2028 2007 195 1509 2111 2027 2246 1966 2436 1939 1082 2935 1991 2144
922 0 1610 0 1833 0 1867 0 1300 2028 2007 195 1509 2111 2027 2246 1966 2436 1939 1082 2935 1991 2144
1226 0 1610 0 1873 0 1867 0 1348 2028 2007 195 1509 2111 2027 2246 1966 2436 1939 1082 2935 1991 2144
1280 0 1610 0 1833 0 1867 0 1396 2028 2007 195 1509 2111 2027 2246 1966 2436 1939 1082 2935 1991 2144
1328 0 1610 0 1833 0 1867 0 1252 2028 2007 195 1509 2111 2027 2246 1966 2436 1939 1082 2935 1991 2144
1387 0 1650 0 1785 0 1867 0 1108 2028 2007 195 1509 2111 2027 2246 1966 2436 1939 1082 2935 1991 2144
1431 0 1650 0 1689 0 1867 0 1012 2028 2007 195 1509 2111 2027 2246 1966 2436 1939 1082 2935 1991 2144
1481 0 1698 0 1593 0 1867 0 916 2028 2007 195 1509 2111 2027 2246 1966 2436 1939 1082 2935 1991 2144
1531 0 1700 0 1497 0 1867 0 820 2028 2007 195 1509 2111 2027 2246 1966 2436 1939 1082 2935 1991 2144
1575 0 1700 0 1401 0 1867 0 724 2028 2007 195 1509 2111 2027 2246 1966 2436 1939 1082 2935 1991 2144
1619 0 1700 0 1305 0 1867 0 628 2028 2007 195 1509 2111 2027 2246 1966 2436 1939 1082 2935 1991 2144
1675 0 1750 0 1209 0 1867 0 532 2028 2007 195 1509 2111 2027 2246 1966 2436 1939 1082 2935 1991 2144
1719 0 1750 0 1113 0 1867 0 436 2028 2007 195 1509 2111 2027 2246 1966 2436 1939 1082 2935 1991 2144
1763 0 1750 0 1017 0 1867 0 340 2028 2007 195 1509 2111 2027 2246 1966 2436 1939 1082 2935 1991 2144
1807 0 1750 0 921 0 1867 0 244 2028 2007 195 1509 2111 2027 2246 1966 2436 1939 1082 2935 1991 2144
1851 0 1750 0 825 0 1867 0 148 2028 2007 195 1509 2111 2027 2246 1966 2436 1939 1082 2935 1991 2144
1895 0 1750 0 729 0 1867 0 52 2028 2007 195 1509 2111 2027 2246 1966 2436 1939 1082 2935 1991 2144
1939 0 1750 0 633 0 1867 0 0 2028 2007 195 1509 2111 2027 2246 1966 2436 1939 1082 2935 1991 2144
1987 0 1750 0 489 0 1867 0 0 2028 2007 195 1509 2111 2027 2246 1966 2436 1939 1082 2935 1991 2144
2035 0 1750 0 345 0 1867 0 0 2028 2007 195 1509 2111 2027 2246 1966 2436 1939 1082 2935 1991 2144
2083 0 1750 0 201 0 1867 0 0 2028 2007 195 1509 2111 2027 2246 1966 2436 1939 1082 2935 1991 2144
2131 0 1750 0 148 0 1867 0 0 2028 2007 195 1509 2111 2027 2246 1966 2436 1939 1082 2935 1991 2144
2329 0 1750 0 196 0 1867 0 0 2028 2007 195 1509 2111 2027 2246 1966 2436 1939 1082 2935 1991 2144
2622 0 1750 0 158 0 1867 0 0 2028 2007 195 1509 2111 2027 2246 1966 2436 1939 1082 2935 1991 2144
