# dynamixel ids: 47 37 46 36 44 34 45 35 33 43 31 41 1 2 3 4 21 22 5 6 19 20 
767 0 1690 0 138 0 979 0 0 2028 2007 195 1509 2111 2027 2246 1966 2436 1939 1082 2935 1991 2144
1272 0 1690 0 138 0 1021 0 0 2028 2007 195 1509 2111 2027 2246 1966 2436 1939 1082 2935 1991 2144
1627 0 1690 0 138 0 979 0 0 2028 2007 195 1509 2111 2027 2246 1966 2436 1939 1082 2935 1991 2144
1669 0 1690 0 138 0 1008 0 0 2028 2007 195 1509 2111 2027 2246 1966 2436 1939 1082 2935 1991 2144
1717 0 1690 0 138 0 1152 0 0 2028 2007 195 1509 2111 2027 2246 1966 2436 1939 1082 2935 1991 2144
1820 0 1690 0 138 0 1221 0 0 2028 2007 195 1509 2111 2027 2246 1966 2436 1939 1082 2935 1991 2144
1919 0 1690 0 138 0 1355 0 0 2028 2007 195 1509 2111 2027 2246 1966 2436 1939 1082 2935 1991 2144
1966 0 1690 0 138 0 1499 0 0 2028 2007 195 1509 2111 2027 2246 1966 2436 1939 1082 2935 1991 2144
2014 0 1690 0 138 0 1643 0 0 2028 2007 195 1509 2111 2027 2246 1966 2436 1939 1082 2935 1991 2144
2062 0 1690 0 138 0 1787 0 0 2028 2007 195 1509 2111 2027 2246 1966 2436 1939 1082 2935 1991 2144
2110 0 1690 0 138 0 1931 0 0 2028 2007 195 1509 2111 2027 2246 1966 2436 1939 1082 2935 1991 2144
2158 0 1690 0 138 0 2075 0 0 2028 2007 195 1509 2111 2027 2246 1966 2436 1939 1082 2935 1991 2144
2202 0 1690 0 234 0 2171 0 0 2028 2007 195 1509 2111 2027 2246 1966 2436 1939 1082 2935 1991 2144
2271 0 1690 0 295 0 2173 0 0 2028 2007 195 1509 2111 2027 2246 1966 2436 1939 1082 2935 1991 2144
2319 0 1690 0 439 0 2173 0 0 2028 2007 195 1509 2111 2027 2246 1966 2436 1939 1082 2935 1991 2144
2373 0 1690 0 583 0 2125 0 0 2028 2007 195 1509 2111 2027 2246 1966 2436 1939 1082 2935 1991 2144
2423 0 1650 0 679 0 2107 0 48 2028 2007 195 1509 2111 2027 2246 1966 2436 1939 1082 2935 1991 2144
2467 0 1650 0 775 0 2107 0 144 2028 2007 195 1509 2111 2027 2246 1966 2436 1939 1082 2935 1991 2144
2511 0 1650 0 871 0 2107 0 240 2028 2007 195 1509 2111 2027 2246 1966 2436 1939 1082 2935 1991 2144
2555 0 1650 0 967 0 2107 0 336 2028 2007 195 1509 2111 2027 2246 1966 2436 1939 1082 2935 1991 2144
2599 0 1650 0 1063 0 2107 0 432 2028 2007 195 1509 2111 2027 2246 1966 2436 1939 1082 2935 1991 2144
2655 0 1650 0 1159 0 2011 0 528 2028 2007 195 1509 2111 2027 2246 1966 2436 1939 1082 2935 1991 2144
2711 0 1650 0 1255 0 2067 0 624 2028 2007 195 1509 2111 2027 2246 1966 2436 1939 1082 2935 1991 2144
2755 0 1650 0 1351 0 2067 0 720 2028 2007 195 1509 2111 2027 2246 1966 2436 1939 1082 2935 1991 2144
2799 0 1650 0 1447 0 2067 0 816 2028 2007 195 1509 2111 2027 2246 1966 2436 1939 1082 2935 1991 2144
2853 0 1650 0 1484 0 2067 0 960 2028 2007 195 1509 2111 2027 2246 1966 2436 1939 1082 2935 1991 2144
2897 0 1650 0 1554 0 2067 0 1056 2028 2007 195 1509 2111 2027 2246 1966 2436 1939 1082 2935 1991 2144
2945 0 1650 0 1554 0 2067 0 1200 2028 2007 195 1509 2111 2027 2246 1966 2436 1939 1082 2935 1991 2144
2992 0 1650 0 1554 0 2067 0 1344 2028 2007 195 1509 2111 2027 2246 1966 2436 1939 1082 2935 1991 2144
3040 0 1650 0 1554 0 2067 0 1488 2028 2007 195 1509 2111 2027 2246 1966 2436 1939 1082 2935 1991 2144
3089 0 1650 0 1554 0 2067 0 1632 2028 2007 195 1509 2111 2027 2246 1966 2436 1939 1082 2935 1991 2144
3149 0 1650 0 1624 0 2067 0 1776 2028 2007 195 1509 2111 2027 2246 1966 2436 1939 1082 2935 1991 2144
3197 0 1650 0 1624 0 2067 0 1900 2028 2007 195 1509 2111 2027 2246 1966 2436 1939 1082 2935 1991 2144
3375 0 1650 0 1576 0 2067 0 1900 2028 2007 195 1509 2111 2027 2246 1966 2436 1939 1082 2935 1991 2144
3427 0 1650 0 1574 0 2067 0 1852 2028 2007 195 1509 2111 2027 2246 1966 2436 1939 1082 2935 1991 2144
3475 0 1650 0 1574 0 2067 0 1708 2028 2007 195 1509 2111 2027 2246 1966 2436 1939 1082 2935 1991 2144
3528 0 1650 0 1574 0 2019 0 1700 2028 2007 195 1509 2111 2027 2246 1966 2436 1939 1082 2935 1991 2144
3570 0 1650 0 1534 0 2013 0 1700 2028 2007 195 1509 2111 2027 2246 1966 2436 1939 1082 2935 1991 2144
4230 0 1650 0 1534 0 2013 0 1652 2028 2007 195 1509 2111 2027 2246 1966 2436 1939 1082 2935 1991 2144
4278 0 1650 0 1534 0 2013 0 1508 2028 2007 195 1509 2111 2027 2246 1966 2436 1939 1082 2935 1991 2144
4421 0 1650 0 1534 0 1965 0 1500 2028 2007 195 1509 2111 2027 2246 1966 2436 1939 1082 2935 1991 2144
5628 0 1650 0 1534 0 1960 0 1452 2028 2007 195 1509 2111 2027 2246 1966 2436 1939 1082 2935 1991 2144
5676 0 1650 0 1534 0 1960 0 1308 2028 2007 195 1509 2111 2027 2246 1966 2436 1939 1082 2935 1991 2144
