# dynamixel ids: 47 37 46 36 44 34 45 35 33 43 31 41 1 2 3 4 21 22 5 6 19 20 
196 0 1960 0 1185 0 2507 0 2152 375 1984 1858 1222 2250 2016 2360 1960 2650 1970 1279 2923 1989 2143
244 0 1960 0 1185 0 2507 0 2008 375 1984 1858 1222 2250 2016 2360 1960 2650 1970 1279 2923 1989 2143
1802 0 1920 0 1185 0 2507 0 1952 375 1984 1858 1222 2250 2016 2360 1960 2650 1970 1279 2923 1989 2143
1856 0 1920 0 1137 0 2507 0 1808 375 1984 1858 1222 2250 2016 2360 1960 2650 1970 1279 2923 1989 2143
1900 0 1920 0 1075 0 2507 0 1712 375 1984 1858 1222 2250 2016 2360 1960 2650 1970 1279 2923 1989 2143
1954 0 1920 0 1027 0 2507 0 1568 375 1984 1858 1222 2250 2016 2360 1960 2650 1970 1279 2923 1989 2143
1999 0 1920 0 931 0 2507 0 1472 375 1984 1858 1222 2250 2016 2360 1960 2650 1970 1279 2923 1989 2143
2043 0 1920 0 835 0 2507 0 1376 375 1984 1858 1222 2250 2016 2360 1960 2650 1970 1279 2923 1989 2143
2087 0 1920 0 739 0 2507 0 1280 375 1984 1858 1222 2250 2016 2360 1960 2650 1970 1279 2923 1989 2143
2131 0 1920 0 643 0 2507 0 1184 375 1984 1858 1222 2250 2016 2360 1960 2650 1970 1279 2923 1989 2143
2174 0 1920 0 547 0 2507 0 1088 375 1984 1858 1222 2250 2016 2360 1960 2650 1970 1279 2923 1989 2143
2218 0 1920 0 451 0 2507 0 992 375 1984 1858 1222 2250 2016 2360 1960 2650 1970 1279 2923 1989 2143
2262 0 1920 0 355 0 2507 0 896 375 1984 1858 1222 2250 2016 2360 1960 2650 1970 1279 2923 1989 2143
2306 0 1920 0 377 0 2507 0 800 375 1984 1858 1222 2250 2016 2360 1960 2650 1970 1279 2923 1989 2143
2354 0 1920 0 377 0 2507 0 656 375 1984 1858 1222 2250 2016 2360 1960 2650 1970 1279 2923 1989 2143
2408 0 1920 0 329 0 2507 0 512 375 1984 1858 1222 2250 2016 2360 1960 2650 1970 1279 2923 1989 2143
2452 0 1920 0 257 0 2507 0 416 375 1984 1858 1222 2250 2016 2360 1960 2650 1970 1279 2923 1989 2143
2500 0 1920 0 257 0 2507 0 272 375 1984 1858 1222 2250 2016 2360 1960 2650 1970 1279 2923 1989 2143
2560 0 1880 0 209 0 2507 0 128 375 1984 1858 1222 2250 2016 2360 1960 2650 1970 1279 2923 1989 2143
2614 0 1880 0 178 0 2507 0 0 375 1984 1858 1222 2250 2016 2360 1960 2650 1970 1279 2923 1989 2143
2852 0 1880 0 130 0 2507 0 0 375 1984 1858 1222 2250 2016 2360 1960 2650 1970 1279 2923 1989 2143
4051 0 1832 0 128 0 2507 0 0 375 1984 1858 1222 2250 2016 2360 1960 2650 1970 1279 2923 1989 2143
4099 0 1688 0 128 0 2507 0 0 375 1984 1858 1222 2250 2016 2360 1960 2650 1970 1279 2923 1989 2143
4153 0 1544 0 176 0 2507 0 0 375 1984 1858 1222 2250 2016 2360 1960 2650 1970 1279 2923 1989 2143
4212 0 1400 0 130 0 2507 0 0 375 1984 1858 1222 2250 2016 2360 1960 2650 1970 1279 2923 1989 2143
4266 0 1256 0 88 0 2507 0 0 375 1984 1858 1222 2250 2016 2360 1960 2650 1970 1279 2923 1989 2143
4314 0 1112 0 88 0 2507 0 0 375 1984 1858 1222 2250 2016 2360 1960 2650 1970 1279 2923 1989 2143
4362 0 968 0 88 0 2507 0 0 375 1984 1858 1222 2250 2016 2360 1960 2650 1970 1279 2923 1989 2143
4410 0 824 0 88 0 2507 0 0 375 1984 1858 1222 2250 2016 2360 1960 2650 1970 1279 2923 1989 2143
4458 0 680 0 88 0 2507 0 0 375 1984 1858 1222 2250 2016 2360 1960 2650 1970 1279 2923 1989 2143
4506 0 536 0 88 0 2507 0 0 375 1984 1858 1222 2250 2016 2360 1960 2650 1970 1279 2923 1989 2143
4554 0 392 0 88 0 2507 0 0 375 1984 1858 1222 2250 2016 2360 1960 2650 1970 1279 2923 1989 2143
4602 0 248 0 88 0 2507 0 0 375 1984 1858 1222 2250 2016 2360 1960 2650 1970 1279 2923 1989 2143
4650 0 104 0 88 0 2507 0 0 375 1984 1858 1222 2250 2016 2360 1960 2650 1970 1279 2923 1989 2143
4698 0 0 0 88 0 2507 0 0 375 1984 1858 1222 2250 2016 2360 1960 2650 1970 1279 2923 1989 2143
4906 0 48 0 88 0 2507 0 0 375 1984 1858 1222 2250 2016 2360 1960 2650 1970 1279 2923 1989 2143
5015 0 128 0 88 0 2459 0 0 375 1984 1858 1222 2250 2016 2360 1960 2650 1970 1279 2923 1989 2143
