# dynamixel ids: 47 37 46 36 44 34 45 35 33 43 31 41 1 2 3 4 21 22 5 6 19 20 
633 0 1960 0 507 0 1155 0 0 375 1984 1858 1222 2250 2016 2360 1960 2650 1970 1279 2923 1989 2143
686 0 1960 0 507 0 1235 0 0 375 1984 1858 1222 2250 2016 2360 1960 2650 1970 1279 2923 1989 2143
734 0 1960 0 507 0 1360 0 0 375 1984 1858 1222 2250 2016 2360 1960 2650 1970 1279 2923 1989 2143
841 0 1960 0 507 0 1408 0 0 375 1984 1858 1222 2250 2016 2360 1960 2650 1970 1279 2923 1989 2143
1035 0 1960 0 507 0 1501 0 0 375 1984 1858 1222 2250 2016 2360 1960 2650 1970 1279 2923 1989 2143
1089 0 1960 0 555 0 1621 0 0 375 1984 1858 1222 2250 2016 2360 1960 2650 1970 1279 2923 1989 2143
1143 0 1960 0 576 0 1765 0 0 375 1984 1858 1222 2250 2016 2360 1960 2650 1970 1279 2923 1989 2143
1185 0 1960 0 576 0 1861 0 0 375 1984 1858 1222 2250 2016 2360 1960 2650 1970 1279 2923 1989 2143
1232 0 1960 0 576 0 2005 0 0 375 1984 1858 1222 2250 2016 2360 1960 2650 1970 1279 2923 1989 2143
1285 0 1960 0 576 0 2101 0 0 375 1984 1858 1222 2250 2016 2360 1960 2650 1970 1279 2923 1989 2143
1384 0 1960 0 576 0 2221 0 0 375 1984 1858 1222 2250 2016 2360 1960 2650 1970 1279 2923 1989 2143
1432 0 1960 0 576 0 2365 0 0 375 1984 1858 1222 2250 2016 2360 1960 2650 1970 1279 2923 1989 2143
1541 0 1960 0 576 0 2501 0 0 375 1984 1858 1222 2250 2016 2360 1960 2650 1970 1279 2923 1989 2143
1640 0 1960 0 576 0 2635 0 0 375 1984 1858 1222 2250 2016 2360 1960 2650 1970 1279 2923 1989 2143
1783 0 1960 0 576 0 2715 0 0 375 1984 1858 1222 2250 2016 2360 1960 2650 1970 1279 2923 1989 2143
1987 0 1960 0 624 0 2720 0 0 375 1984 1858 1222 2250 2016 2360 1960 2650 1970 1279 2923 1989 2143
2040 0 1960 0 704 0 2720 0 0 375 1984 1858 1222 2250 2016 2360 1960 2650 1970 1279 2923 1989 2143
2149 0 1960 0 754 0 2720 0 48 375 1984 1858 1222 2250 2016 2360 1960 2650 1970 1279 2923 1989 2143
2203 0 1960 0 786 0 2720 0 192 375 1984 1858 1222 2250 2016 2360 1960 2650 1970 1279 2923 1989 2143
2262 0 1960 0 882 0 2720 0 336 375 1984 1858 1222 2250 2016 2360 1960 2650 1970 1279 2923 1989 2143
2318 0 1960 0 978 0 2667 0 432 375 1984 1858 1222 2250 2016 2360 1960 2650 1970 1279 2923 1989 2143
2362 0 1960 0 1074 0 2667 0 528 375 1984 1858 1222 2250 2016 2360 1960 2650 1970 1279 2923 1989 2143
2417 0 1960 0 1075 0 2667 0 672 375 1984 1858 1222 2250 2016 2360 1960 2650 1970 1279 2923 1989 2143
2465 0 1960 0 1075 0 2667 0 816 375 1984 1858 1222 2250 2016 2360 1960 2650 1970 1279 2923 1989 2143
2513 0 1960 0 1075 0 2667 0 960 375 1984 1858 1222 2250 2016 2360 1960 2650 1970 1279 2923 1989 2143
2561 0 1960 0 1075 0 2667 0 1104 375 1984 1858 1222 2250 2016 2360 1960 2650 1970 1279 2923 1989 2143
2609 0 1960 0 1075 0 2667 0 1248 375 1984 1858 1222 2250 2016 2360 1960 2650 1970 1279 2923 1989 2143
2669 0 1960 0 1125 0 2667 0 1392 375 1984 1858 1222 2250 2016 2360 1960 2650 1970 1279 2923 1989 2143
2717 0 1960 0 1125 0 2667 0 1536 375 1984 1858 1222 2250 2016 2360 1960 2650 1970 1279 2923 1989 2143
2765 0 1960 0 1125 0 2667 0 1680 375 1984 1858 1222 2250 2016 2360 1960 2650 1970 1279 2923 1989 2143
2825 0 1960 0 1175 0 2667 0 1824 375 1984 1858 1222 2250 2016 2360 1960 2650 1970 1279 2923 1989 2143
2873 0 1960 0 1175 0 2667 0 1968 375 1984 1858 1222 2250 2016 2360 1960 2650 1970 1279 2923 1989 2143
2917 0 1960 0 1225 0 2667 0 2064 375 1984 1858 1222 2250 2016 2360 1960 2650 1970 1279 2923 1989 2143
2965 0 1960 0 1225 0 2667 0 2208 375 1984 1858 1222 2250 2016 2360 1960 2650 1970 1279 2923 1989 2143
3013 0 1960 0 1225 0 2667 0 2352 375 1984 1858 1222 2250 2016 2360 1960 2650 1970 1279 2923 1989 2143
3061 0 1960 0 1225 0 2667 0 2496 375 1984 1858 1222 2250 2016 2360 1960 2650 1970 1279 2923 1989 2143
3109 0 1960 0 1225 0 2667 0 2640 375 1984 1858 1222 2250 2016 2360 1960 2650 1970 1279 2923 1989 2143
3163 0 1960 0 1265 0 2667 0 2784 375 1984 1858 1222 2250 2016 2360 1960 2650 1970 1279 2923 1989 2143
3210 0 1960 0 1265 0 2667 0 2928 375 1984 1858 1222 2250 2016 2360 1960 2650 1970 1279 2923 1989 2143
3389 0 1960 0 1265 0 2667 0 2952 375 1984 1858 1222 2250 2016 2360 1960 2650 1970 1279 2923 1989 2143
3437 0 1960 0 1265 0 2667 0 2808 375 1984 1858 1222 2250 2016 2360 1960 2650 1970 1279 2923 1989 2143
3691 0 1960 0 1225 0 2667 0 2800 375 1984 1858 1222 2250 2016 2360 1960 2650 1970 1279 2923 1989 2143
3990 0 1960 0 1225 0 2667 0 2752 375 1984 1858 1222 2250 2016 2360 1960 2650 1970 1279 2923 1989 2143
4038 0 1960 0 1225 0 2667 0 2608 375 1984 1858 1222 2250 2016 2360 1960 2650 1970 1279 2923 1989 2143
4392 0 1960 0 1225 0 2619 0 2600 375 1984 1858 1222 2250 2016 2360 1960 2650 1970 1279 2923 1989 2143
5039 0 1960 0 1225 0 2613 0 2552 375 1984 1858 1222 2250 2016 2360 1960 2650 1970 1279 2923 1989 2143
5087 0 1960 0 1225 0 2613 0 2408 375 1984 1858 1222 2250 2016 2360 1960 2650 1970 1279 2923 1989 2143
5895 0 1960 0 1225 0 2565 0 2400 375 1984 1858 1222 2250 2016 2360 1960 2650 1970 1279 2923 1989 2143
6441 0 1960 0 1185 0 2560 0 2400 375 1984 1858 1222 2250 2016 2360 1960 2650 1970 1279 2923 1989 2143
