# dynamixel ids: 47 37 46 36 44 34 45 35 33 43 31 41 1 2 3 4 21 22 5 6 19 20 
1208 0 48 0 158 0 920 0 0 2004 2007 2211 1521 2298 2030 2184 1961 2650 1943 1383 2935 1990 2143
1256 0 192 0 158 0 920 0 0 2004 2007 2211 1521 2298 2030 2184 1961 2650 1943 1383 2935 1990 2143
1310 0 336 0 197 0 920 0 0 2004 2007 2211 1521 2298 2030 2184 1961 2650 1943 1383 2935 1990 2143
1358 0 480 0 197 0 920 0 0 2004 2007 2211 1521 2298 2030 2184 1961 2650 1943 1383 2935 1990 2143
1407 0 624 0 197 0 920 0 0 2004 2007 2211 1521 2298 2030 2184 1961 2650 1943 1383 2935 1990 2143
1455 0 768 0 197 0 920 0 0 2004 2007 2211 1521 2298 2030 2184 1961 2650 1943 1383 2935 1990 2143
1503 0 912 0 197 0 920 0 0 2004 2007 2211 1521 2298 2030 2184 1961 2650 1943 1383 2935 1990 2143
1558 0 1056 0 237 0 920 0 0 2004 2007 2211 1521 2298 2030 2184 1961 2650 1943 1383 2935 1990 2143
1606 0 1200 0 237 0 920 0 0 2004 2007 2211 1521 2298 2030 2184 1961 2650 1943 1383 2935 1990 2143
1654 0 1344 0 237 0 920 0 0 2004 2007 2211 1521 2298 2030 2184 1961 2650 1943 1383 2935 1990 2143
1702 0 1488 0 237 0 920 0 0 2004 2007 2211 1521 2298 2030 2184 1961 2650 1943 1383 2935 1990 2143
1750 0 1632 0 237 0 920 0 0 2004 2007 2211 1521 2298 2030 2184 1961 2650 1943 1383 2935 1990 2143
1797 0 1776 0 237 0 920 0 0 2004 2007 2211 1521 2298 2030 2184 1961 2650 1943 1383 2935 1990 2143
1845 0 1920 0 237 0 920 0 0 2004 2007 2211 1521 2298 2030 2184 1961 2650 1943 1383 2935 1990 2143
1893 0 2064 0 237 0 920 0 0 2004 2007 2211 1521 2298 2030 2184 1961 2650 1943 1383 2935 1990 2143
1941 0 2208 0 237 0 920 0 0 2004 2007 2211 1521 2298 2030 2184 1961 2650 1943 1383 2935 1990 2143
1989 0 2352 0 237 0 920 0 0 2004 2007 2211 1521 2298 2030 2184 1961 2650 1943 1383 2935 1990 2143
2037 0 2496 0 237 0 920 0 0 2004 2007 2211 1521 2298 2030 2184 1961 2650 1943 1383 2935 1990 2143
2085 0 2640 0 237 0 920 0 0 2004 2007 2211 1521 2298 2030 2184 1961 2650 1943 1383 2935 1990 2143
2133 0 2784 0 237 0 920 0 0 2004 2007 2211 1521 2298 2030 2184 1961 2650 1943 1383 2935 1990 2143
2177 0 2880 0 237 0 1000 0 0 2004 2007 2211 1521 2298 2030 2184 1961 2650 1943 1383 2935 1990 2143
2225 0 3000 0 237 0 1000 0 0 2004 2007 2211 1521 2298 2030 2184 1961 2650 1943 1383 2935 1990 2143
2277 0 3000 0 237 0 920 0 0 2004 2007 2211 1521 2298 2030 2184 1961 2650 1943 1383 2935 1990 2143
2414 0 3000 0 277 0 920 0 0 2004 2007 2211 1521 2298 2030 2184 1961 2650 1943 1383 2935 1990 2143
3559 0 3000 0 277 0 968 0 0 2004 2007 2211 1521 2298 2030 2184 1961 2650 1943 1383 2935 1990 2143
4014 0 3000 0 325 0 973 0 0 2004 2007 2211 1521 2298 2030 2184 1961 2650 1943 1383 2935 1990 2143
4157 0 3000 0 375 0 973 0 0 2004 2007 2211 1521 2298 2030 2184 1961 2650 1943 1383 2935 1990 2143
4260 0 3000 0 435 0 973 0 0 2004 2007 2211 1521 2298 2030 2184 1961 2650 1943 1383 2935 1990 2143
4308 0 3000 0 579 0 973 0 0 2004 2007 2211 1521 2298 2030 2184 1961 2650 1943 1383 2935 1990 2143
4356 0 3000 0 723 0 973 0 0 2004 2007 2211 1521 2298 2030 2184 1961 2650 1943 1383 2935 1990 2143
4410 0 3000 0 867 0 1021 0 0 2004 2007 2211 1521 2298 2030 2184 1961 2650 1943 1383 2935 1990 2143
4464 0 3000 0 1011 0 1027 0 0 2004 2007 2211 1521 2298 2030 2184 1961 2650 1943 1383 2935 1990 2143
4518 0 3000 0 1155 0 979 0 0 2004 2007 2211 1521 2298 2030 2184 1961 2650 1943 1383 2935 1990 2143
4563 0 3000 0 1251 0 981 0 0 2004 2007 2211 1521 2298 2030 2184 1961 2650 1943 1383 2935 1990 2143
4617 0 3000 0 1395 0 987 0 0 2004 2007 2211 1521 2298 2030 2184 1961 2650 1943 1383 2935 1990 2143
4677 0 2987 0 1539 0 987 0 48 2004 2007 2211 1521 2298 2030 2184 1961 2650 1943 1383 2935 1990 2143
4721 0 2987 0 1635 0 987 0 144 2004 2007 2211 1521 2298 2030 2184 1961 2650 1943 1383 2935 1990 2143
4765 0 2987 0 1731 0 987 0 240 2004 2007 2211 1521 2298 2030 2184 1961 2650 1943 1383 2935 1990 2143
4808 0 2987 0 1827 0 987 0 336 2004 2007 2211 1521 2298 2030 2184 1961 2650 1943 1383 2935 1990 2143
4852 0 2987 0 1923 0 987 0 432 2004 2007 2211 1521 2298 2030 2184 1961 2650 1943 1383 2935 1990 2143
4908 0 2935 0 2019 0 987 0 528 2004 2007 2211 1521 2298 2030 2184 1961 2650 1943 1383 2935 1990 2143
4952 0 2935 0 2115 0 987 0 624 2004 2007 2211 1521 2298 2030 2184 1961 2650 1943 1383 2935 1990 2143
4996 0 2935 0 2211 0 987 0 720 2004 2007 2211 1521 2298 2030 2184 1961 2650 1943 1383 2935 1990 2143
5040 0 2935 0 2307 0 987 0 816 2004 2007 2211 1521 2298 2030 2184 1961 2650 1943 1383 2935 1990 2143
5084 0 2935 0 2403 0 987 0 912 2004 2007 2211 1521 2298 2030 2184 1961 2650 1943 1383 2935 1990 2143
5128 0 2935 0 2499 0 987 0 1008 2004 2007 2211 1521 2298 2030 2184 1961 2650 1943 1383 2935 1990 2143
5172 0 2935 0 2595 0 987 0 1104 2004 2007 2211 1521 2298 2030 2184 1961 2650 1943 1383 2935 1990 2143
