# dynamixel ids: 47 37 46 36 44 34 45 35 33 43 31 41 1 2 3 4 21 22 5 6 19 20 
646 0 2931 0 2802 0 933 0 2952 2004 2007 2211 1521 2298 2030 2184 1961 2650 1943 1383 2935 1990 2143
697 0 2974 0 2706 0 933 0 2856 2004 2007 2211 1521 2298 2030 2184 1961 2650 1943 1383 2935 1990 2143
747 0 2926 0 2610 0 933 0 2760 2004 2007 2211 1521 2298 2030 2184 1961 2650 1943 1383 2935 1990 2143
797 0 2896 0 2514 0 933 0 2664 2004 2007 2211 1521 2298 2030 2184 1961 2650 1943 1383 2935 1990 2143
847 0 2848 0 2418 0 933 0 2568 2004 2007 2211 1521 2298 2030 2184 1961 2650 1943 1383 2935 1990 2143
897 0 2830 0 2322 0 933 0 2472 2004 2007 2211 1521 2298 2030 2184 1961 2650 1943 1383 2935 1990 2143
947 0 2782 0 2226 0 933 0 2376 2004 2007 2211 1521 2298 2030 2184 1961 2650 1943 1383 2935 1990 2143
1002 0 2686 0 2130 0 933 0 2280 2004 2007 2211 1521 2298 2030 2184 1961 2650 1943 1383 2935 1990 2143
1058 0 2590 0 2034 0 933 0 2184 2004 2007 2211 1521 2298 2030 2184 1961 2650 1943 1383 2935 1990 2143
1114 0 2494 0 1938 0 933 0 2088 2004 2007 2211 1521 2298 2030 2184 1961 2650 1943 1383 2935 1990 2143
1170 0 2398 0 1842 0 933 0 1992 2004 2007 2211 1521 2298 2030 2184 1961 2650 1943 1383 2935 1990 2143
1226 0 2302 0 1746 0 933 0 1896 2004 2007 2211 1521 2298 2030 2184 1961 2650 1943 1383 2935 1990 2143
1282 0 2206 0 1650 0 933 0 1800 2004 2007 2211 1521 2298 2030 2184 1961 2650 1943 1383 2935 1990 2143
1338 0 2110 0 1554 0 933 0 1704 2004 2007 2211 1521 2298 2030 2184 1961 2650 1943 1383 2935 1990 2143
1394 0 2014 0 1458 0 933 0 1608 2004 2007 2211 1521 2298 2030 2184 1961 2650 1943 1383 2935 1990 2143
1450 0 1918 0 1362 0 933 0 1512 2004 2007 2211 1521 2298 2030 2184 1961 2650 1943 1383 2935 1990 2143
1506 0 1822 0 1266 0 933 0 1416 2004 2007 2211 1521 2298 2030 2184 1961 2650 1943 1383 2935 1990 2143
1562 0 1726 0 1170 0 933 0 1320 2004 2007 2211 1521 2298 2030 2184 1961 2650 1943 1383 2935 1990 2143
1618 0 1630 0 1074 0 933 0 1224 2004 2007 2211 1521 2298 2030 2184 1961 2650 1943 1383 2935 1990 2143
1686 0 1534 0 978 0 1000 0 1128 2004 2007 2211 1521 2298 2030 2184 1961 2650 1943 1383 2935 1990 2143
1742 0 1438 0 882 0 1000 0 1032 2004 2007 2211 1521 2298 2030 2184 1961 2650 1943 1383 2935 1990 2143
1798 0 1342 0 786 0 1000 0 936 2004 2007 2211 1521 2298 2030 2184 1961 2650 1943 1383 2935 1990 2143
1854 0 1246 0 690 0 1000 0 840 2004 2007 2211 1521 2298 2030 2184 1961 2650 1943 1383 2935 1990 2143
1910 0 1150 0 594 0 1000 0 744 2004 2007 2211 1521 2298 2030 2184 1961 2650 1943 1383 2935 1990 2143
1965 0 1054 0 498 0 1000 0 648 2004 2007 2211 1521 2298 2030 2184 1961 2650 1943 1383 2935 1990 2143
2022 0 958 0 402 0 1000 0 552 2004 2007 2211 1521 2298 2030 2184 1961 2650 1943 1383 2935 1990 2143
2078 0 862 0 306 0 1000 0 456 2004 2007 2211 1521 2298 2030 2184 1961 2650 1943 1383 2935 1990 2143
2140 0 766 0 210 0 952 0 360 2004 2007 2211 1521 2298 2030 2184 1961 2650 1943 1383 2935 1990 2143
2202 0 670 0 114 0 947 0 264 2004 2007 2211 1521 2298 2030 2184 1961 2650 1943 1383 2935 1990 2143
2253 0 574 0 88 0 947 0 168 2004 2007 2211 1521 2298 2030 2184 1961 2650 1943 1383 2935 1990 2143
2297 0 478 0 88 0 947 0 72 2004 2007 2211 1521 2298 2030 2184 1961 2650 1943 1383 2935 1990 2143
2341 0 382 0 88 0 947 0 0 2004 2007 2211 1521 2298 2030 2184 1961 2650 1943 1383 2935 1990 2143
2389 0 238 0 88 0 947 0 0 2004 2007 2211 1521 2298 2030 2184 1961 2650 1943 1383 2935 1990 2143
2437 0 94 0 88 0 947 0 0 2004 2007 2211 1521 2298 2030 2184 1961 2650 1943 1383 2935 1990 2143
2737 0 0 0 88 0 995 0 0 2004 2007 2211 1521 2298 2030 2184 1961 2650 1943 1383 2935 1990 2143
2879 0 0 0 88 0 965 0 0 2004 2007 2211 1521 2298 2030 2184 1961 2650 1943 1383 2935 1990 2143
