# dynamixel ids: 47 37 46 36 44 34 45 35 33 43 31 41 1 2 3 4 21 22 5 6 19 20 
644 0 1690 0 207 0 1195 0 0 2028 2007 195 1509 2111 2027 2246 1966 2436 1939 1082 2935 1991 2144
692 0 1690 0 207 0 1339 0 0 2028 2007 195 1509 2111 2027 2246 1966 2436 1939 1082 2935 1991 2144
795 0 1690 0 207 0 1421 0 0 2028 2007 195 1509 2111 2027 2246 1966 2436 1939 1082 2935 1991 2144
1351 0 1690 0 207 0 1501 0 0 2028 2007 195 1509 2111 2027 2246 1966 2436 1939 1082 2935 1991 2144
1400 0 1690 0 207 0 1645 0 0 2028 2007 195 1509 2111 2027 2246 1966 2436 1939 1082 2935 1991 2144
1448 0 1690 0 207 0 1789 0 0 2028 2007 195 1509 2111 2027 2246 1966 2436 1939 1082 2935 1991 2144
1551 0 1690 0 207 0 1861 0 0 2028 2007 195 1509 2111 2027 2246 1966 2436 1939 1082 2935 1991 2144
1659 0 1690 0 255 0 1955 0 0 2028 2007 195 1509 2111 2027 2246 1966 2436 1939 1082 2935 1991 2144
1703 0 1690 0 351 0 2013 0 0 2028 2007 195 1509 2111 2027 2246 1966 2436 1939 1082 2935 1991 2144
1751 0 1690 0 495 0 2013 0 0 2028 2007 195 1509 2111 2027 2246 1966 2436 1939 1082 2935 1991 2144
1805 0 1690 0 639 0 1965 0 0 2028 2007 195 1509 2111 2027 2246 1966 2436 1939 1082 2935 1991 2144
1849 0 1690 0 735 0 1869 0 0 2028 2007 195 1509 2111 2027 2246 1966 2436 1939 1082 2935 1991 2144
1909 0 1690 0 879 0 1819 0 0 2028 2007 195 1509 2111 2027 2246 1966 2436 1939 1082 2935 1991 2144
1959 0 1690 0 945 0 1760 0 48 2028 2007 195 1509 2111 2027 2246 1966 2436 1939 1082 2935 1991 2144
2007 0 1690 0 945 0 1760 0 192 2028 2007 195 1509 2111 2027 2246 1966 2436 1939 1082 2935 1991 2144
2156 0 1690 0 945 0 1712 0 248 2028 2007 195 1509 2111 2027 2246 1966 2436 1939 1082 2935 1991 2144
2200 0 1690 0 945 0 1653 0 344 2028 2007 195 1509 2111 2027 2246 1966 2436 1939 1082 2935 1991 2144
2254 0 1690 0 985 0 1653 0 488 2028 2007 195 1509 2111 2027 2246 1966 2436 1939 1082 2935 1991 2144
2314 0 1690 0 1025 0 1605 0 632 2028 2007 195 1509 2111 2027 2246 1966 2436 1939 1082 2935 1991 2144
2368 0 1690 0 1025 0 1600 0 776 2028 2007 195 1509 2111 2027 2246 1966 2436 1939 1082 2935 1991 2144
2428 0 1690 0 1025 0 1547 0 920 2028 2007 195 1509 2111 2027 2246 1966 2436 1939 1082 2935 1991 2144
2476 0 1690 0 1025 0 1547 0 1064 2028 2007 195 1509 2111 2027 2246 1966 2436 1939 1082 2935 1991 2144
2536 0 1690 0 1095 0 1547 0 1208 2028 2007 195 1509 2111 2027 2246 1966 2436 1939 1082 2935 1991 2144
2592 0 1690 0 1175 0 1480 0 1304 2028 2007 195 1509 2111 2027 2246 1966 2436 1939 1082 2935 1991 2144
2660 0 1690 0 1223 0 1528 0 1350 2028 2007 195 1509 2111 2027 2246 1966 2436 1939 1082 2935 1991 2144
3001 0 1690 0 1295 0 1512 0 1302 2028 2007 195 1509 2111 2027 2246 1966 2436 1939 1082 2935 1991 2144
3055 0 1690 0 1295 0 1507 0 1158 2028 2007 195 1509 2111 2027 2246 1966 2436 1939 1082 2935 1991 2144
3653 0 1690 0 1295 0 1507 0 1102 2028 2007 195 1509 2111 2027 2246 1966 2436 1939 1082 2935 1991 2144
3701 0 1690 0 1295 0 1507 0 958 2028 2007 195 1509 2111 2027 2246 1966 2436 1939 1082 2935 1991 2144
3754 0 1690 0 1334 0 1507 0 950 2028 2007 195 1509 2111 2027 2246 1966 2436 1939 1082 2935 1991 2144
3901 0 1690 0 1334 0 1459 0 950 2028 2007 195 1509 2111 2027 2246 1966 2436 1939 1082 2935 1991 2144
4607 0 1690 0 1374 0 1453 0 950 2028 2007 195 1509 2111 2027 2246 1966 2436 1939 1082 2935 1991 2144
4654 0 1690 0 1414 0 1453 0 950 2028 2007 195 1509 2111 2027 2246 1966 2436 1939 1082 2935 1991 2144
5203 0 1690 0 1414 0 1453 0 998 2028 2007 195 1509 2111 2027 2246 1966 2436 1939 1082 2935 1991 2144
5251 0 1690 0 1414 0 1453 0 1142 2028 2007 195 1509 2111 2027 2246 1966 2436 1939 1082 2935 1991 2144
5360 0 1690 0 1414 0 1405 0 1198 2028 2007 195 1509 2111 2027 2246 1966 2436 1939 1082 2935 1991 2144
5414 0 1690 0 1414 0 1400 0 1342 2028 2007 195 1509 2111 2027 2246 1966 2436 1939 1082 2935 1991 2144
5456 0 1690 0 1454 0 1400 0 1350 2028 2007 195 1509 2111 2027 2246 1966 2436 1939 1082 2935 1991 2144
6358 0 1690 0 1502 0 1400 0 1350 2028 2007 195 1509 2111 2027 2246 1966 2436 1939 1082 2935 1991 2144
7005 0 1690 0 1504 0 1352 0 1350 2028 2007 195 1509 2111 2027 2246 1966 2436 1939 1082 2935 1991 2144
7108 0 1690 0 1504 0 1381 0 1350 2028 2007 195 1509 2111 2027 2246 1966 2436 1939 1082 2935 1991 2144
8609 0 1690 0 1552 0 1387 0 1350 2028 2007 195 1509 2111 2027 2246 1966 2436 1939 1082 2935 1991 2144
8712 0 1690 0 1554 0 1339 0 1350 2028 2007 195 1509 2111 2027 2246 1966 2436 1939 1082 2935 1991 2144
9056 0 1690 0 1594 0 1320 0 1350 2028 2007 195 1509 2111 2027 2246 1966 2436 1939 1082 2935 1991 2144
9807 0 1650 0 1594 0 1320 0 1350 2028 2007 195 1509 2111 2027 2246 1966 2436 1939 1082 2935 1991 2144
