# dynamixel ids: 47 37 46 36 44 34 45 35 33 43 31 41 1 2 3 4 21 22 5 6 19 20 
364 0 1720 0 1454 0 1739 0 1650 2028 2007 195 1509 2111 2027 2246 1966 2436 1939 1082 2935 1991 2144
1715 0 1720 0 1494 0 1733 0 1650 2028 2007 195 1509 2111 2027 2246 1966 2436 1939 1082 2935 1991 2144
3075 0 1720 0 1446 0 1733 0 1602 2028 2007 195 1509 2111 2027 2246 1966 2436 1939 1082 2935 1991 2144
3120 0 1720 0 1350 0 1733 0 1506 2028 2007 195 1509 2111 2027 2246 1966 2436 1939 1082 2935 1991 2144
3164 0 1720 0 1254 0 1733 0 1410 2028 2007 195 1509 2111 2027 2246 1966 2436 1939 1082 2935 1991 2144
3208 0 1720 0 1158 0 1733 0 1314 2028 2007 195 1509 2111 2027 2246 1966 2436 1939 1082 2935 1991 2144
3252 0 1720 0 1062 0 1733 0 1218 2028 2007 195 1509 2111 2027 2246 1966 2436 1939 1082 2935 1991 2144
3296 0 1720 0 966 0 1733 0 1122 2028 2007 195 1509 2111 2027 2246 1966 2436 1939 1082 2935 1991 2144
3352 0 1720 0 870 0 1787 0 1026 2028 2007 195 1509 2111 2027 2246 1966 2436 1939 1082 2935 1991 2144
3396 0 1720 0 774 0 1787 0 930 2028 2007 195 1509 2111 2027 2246 1966 2436 1939 1082 2935 1991 2144
3440 0 1720 0 678 0 1787 0 834 2028 2007 195 1509 2111 2027 2246 1966 2436 1939 1082 2935 1991 2144
3484 0 1720 0 582 0 1787 0 738 2028 2007 195 1509 2111 2027 2246 1966 2436 1939 1082 2935 1991 2144
3528 0 1720 0 486 0 1787 0 642 2028 2007 195 1509 2111 2027 2246 1966 2436 1939 1082 2935 1991 2144
3572 0 1720 0 390 0 1787 0 546 2028 2007 195 1509 2111 2027 2246 1966 2436 1939 1082 2935 1991 2144
3616 0 1720 0 294 0 1787 0 450 2028 2007 195 1509 2111 2027 2246 1966 2436 1939 1082 2935 1991 2144
3660 0 1720 0 198 0 1787 0 354 2028 2007 195 1509 2111 2027 2246 1966 2436 1939 1082 2935 1991 2144
3714 0 1720 0 158 0 1787 0 210 2028 2007 195 1509 2111 2027 2246 1966 2436 1939 1082 2935 1991 2144
3762 0 1720 0 158 0 1787 0 66 2028 2007 195 1509 2111 2027 2246 1966 2436 1939 1082 2935 1991 2144
3920 0 1720 0 197 0 1787 0 0 2028 2007 195 1509 2111 2027 2246 1966 2436 1939 1082 2935 1991 2144
4017 0 1720 0 149 0 1787 0 0 2028 2007 195 1509 2111 2027 2246 1966 2436 1939 1082 2935 1991 2144
4724 0 1720 0 98 0 1787 0 0 2028 2007 195 1509 2111 2027 2246 1966 2436 1939 1082 2935 1991 2144
5021 0 1720 0 98 0 1739 0 0 2028 2007 195 1509 2111 2027 2246 1966 2436 1939 1082 2935 1991 2144
5069 0 1720 0 98 0 1595 0 0 2028 2007 195 1509 2111 2027 2246 1966 2436 1939 1082 2935 1991 2144
5117 0 1720 0 98 0 1451 0 0 2028 2007 195 1509 2111 2027 2246 1966 2436 1939 1082 2935 1991 2144
5165 0 1720 0 98 0 1307 0 0 2028 2007 195 1509 2111 2027 2246 1966 2436 1939 1082 2935 1991 2144
5213 0 1720 0 98 0 1163 0 0 2028 2007 195 1509 2111 2027 2246 1966 2436 1939 1082 2935 1991 2144
5261 0 1720 0 98 0 1027 0 0 2028 2007 195 1509 2111 2027 2246 1966 2436 1939 1082 2935 1991 2144
5309 0 1720 0 98 0 907 0 0 2028 2007 195 1509 2111 2027 2246 1966 2436 1939 1082 2935 1991 2144
5376 0 1720 0 98 0 859 0 0 2028 2007 195 1509 2111 2027 2246 1966 2436 1939 1082 2935 1991 2144
5425 0 1720 0 98 0 800 0 0 2028 2007 195 1509 2111 2027 2246 1966 2436 1939 1082 2935 1991 2144
