# dynamixel ids: 47 37 46 36 44 34 45 35 33 43 31 41 1 2 3 4 21 22 5 6 19 20 
555 0 1690 0 1305 0 1520 0 1752 2028 2007 195 1509 2111 2027 2246 1966 2436 1939 1082 2935 1991 2144
603 0 1690 0 1305 0 1520 0 1608 2028 2007 195 1509 2111 2027 2246 1966 2436 1939 1082 2935 1991 2144
663 0 1690 0 1257 0 1568 0 1464 2028 2007 195 1509 2111 2027 2246 1966 2436 1939 1082 2935 1991 2144
713 0 1690 0 1161 0 1587 0 1368 2028 2007 195 1509 2111 2027 2246 1966 2436 1939 1082 2935 1991 2144
757 0 1690 0 1065 0 1587 0 1272 2028 2007 195 1509 2111 2027 2246 1966 2436 1939 1082 2935 1991 2144
801 0 1690 0 969 0 1587 0 1176 2028 2007 195 1509 2111 2027 2246 1966 2436 1939 1082 2935 1991 2144
845 0 1690 0 873 0 1587 0 1080 2028 2007 195 1509 2111 2027 2246 1966 2436 1939 1082 2935 1991 2144
889 0 1690 0 777 0 1587 0 984 2028 2007 195 1509 2111 2027 2246 1966 2436 1939 1082 2935 1991 2144
933 0 1690 0 681 0 1587 0 888 2028 2007 195 1509 2111 2027 2246 1966 2436 1939 1082 2935 1991 2144
977 0 1690 0 585 0 1587 0 792 2028 2007 195 1509 2111 2027 2246 1966 2436 1939 1082 2935 1991 2144
1021 0 1690 0 489 0 1587 0 696 2028 2007 195 1509 2111 2027 2246 1966 2436 1939 1082 2935 1991 2144
1066 0 1690 0 393 0 1587 0 600 2028 2007 195 1509 2111 2027 2246 1966 2436 1939 1082 2935 1991 2144
1110 0 1690 0 297 0 1587 0 504 2028 2007 195 1509 2111 2027 2246 1966 2436 1939 1082 2935 1991 2144
1154 0 1690 0 201 0 1587 0 408 2028 2007 195 1509 2111 2027 2246 1966 2436 1939 1082 2935 1991 2144
1198 0 1690 0 105 0 1587 0 312 2028 2007 195 1509 2111 2027 2246 1966 2436 1939 1082 2935 1991 2144
1258 0 1690 0 98 0 1539 0 168 2028 2007 195 1509 2111 2027 2246 1966 2436 1939 1082 2935 1991 2144
1312 0 1690 0 98 0 1520 0 24 2028 2007 195 1509 2111 2027 2246 1966 2436 1939 1082 2935 1991 2144
1948 0 1690 0 98 0 1472 0 0 2028 2007 195 1509 2111 2027 2246 1966 2436 1939 1082 2935 1991 2144
2047 0 1690 0 98 0 1352 0 0 2028 2007 195 1509 2111 2027 2246 1966 2436 1939 1082 2935 1991 2144
2095 0 1690 0 98 0 1208 0 0 2028 2007 195 1509 2111 2027 2246 1966 2436 1939 1082 2935 1991 2144
2143 0 1690 0 98 0 1093 0 0 2028 2007 195 1509 2111 2027 2246 1966 2436 1939 1082 2935 1991 2144
2191 0 1690 0 98 0 973 0 0 2028 2007 195 1509 2111 2027 2246 1966 2436 1939 1082 2935 1991 2144
