# dynamixel ids: 47 37 46 36 44 34 45 35 33 43 31 41 1 2 3 4 21 22 5 6 19 20 
654 0 1690 0 138 0 1192 0 0 2028 2007 195 1509 2111 2027 2246 1966 2436 1939 1082 2935 1991 2144
758 0 1690 0 138 0 1112 0 0 2028 2007 195 1509 2111 2027 2246 1966 2436 1939 1082 2935 1991 2144
812 0 1690 0 186 0 1064 0 0 2028 2007 195 1509 2111 2027 2246 1966 2436 1939 1082 2935 1991 2144
866 0 1690 0 330 0 1080 0 0 2028 2007 195 1509 2111 2027 2246 1966 2436 1939 1082 2935 1991 2144
914 0 1690 0 425 0 1128 0 0 2028 2007 195 1509 2111 2027 2246 1966 2436 1939 1082 2935 1991 2144
958 0 1690 0 521 0 1224 0 0 2028 2007 195 1509 2111 2027 2246 1966 2436 1939 1082 2935 1991 2144
1008 0 1690 0 617 0 1280 0 48 2028 2007 195 1509 2111 2027 2246 1966 2436 1939 1082 2935 1991 2144
1064 0 1690 0 713 0 1376 0 144 2028 2007 195 1509 2111 2027 2246 1966 2436 1939 1082 2935 1991 2144
1120 0 1690 0 809 0 1472 0 240 2028 2007 195 1509 2111 2027 2246 1966 2436 1939 1082 2935 1991 2144
1176 0 1690 0 905 0 1568 0 336 2028 2007 195 1509 2111 2027 2246 1966 2436 1939 1082 2935 1991 2144
1232 0 1690 0 1001 0 1664 0 432 2028 2007 195 1509 2111 2027 2246 1966 2436 1939 1082 2935 1991 2144
1288 0 1690 0 1097 0 1760 0 528 2028 2007 195 1509 2111 2027 2246 1966 2436 1939 1082 2935 1991 2144
1332 0 1690 0 1145 0 1800 0 624 2028 2007 195 1509 2111 2027 2246 1966 2436 1939 1082 2935 1991 2144
1380 0 1690 0 1145 0 1800 0 768 2028 2007 195 1509 2111 2027 2246 1966 2436 1939 1082 2935 1991 2144
1427 0 1690 0 1145 0 1800 0 912 2028 2007 195 1509 2111 2027 2246 1966 2436 1939 1082 2935 1991 2144
1475 0 1690 0 1145 0 1800 0 1056 2028 2007 195 1509 2111 2027 2246 1966 2436 1939 1082 2935 1991 2144
1519 0 1690 0 1193 0 1752 0 1152 2028 2007 195 1509 2111 2027 2246 1966 2436 1939 1082 2935 1991 2144
1569 0 1690 0 1289 0 1733 0 1248 2028 2007 195 1509 2111 2027 2246 1966 2436 1939 1082 2935 1991 2144
1613 0 1690 0 1374 0 1733 0 1344 2028 2007 195 1509 2111 2027 2246 1966 2436 1939 1082 2935 1991 2144
1661 0 1690 0 1374 0 1733 0 1488 2028 2007 195 1509 2111 2027 2246 1966 2436 1939 1082 2935 1991 2144
1709 0 1690 0 1374 0 1733 0 1632 2028 2007 195 1509 2111 2027 2246 1966 2436 1939 1082 2935 1991 2144
1763 0 1690 0 1374 0 1685 0 1776 2028 2007 195 1509 2111 2027 2246 1966 2436 1939 1082 2935 1991 2144
1818 0 1690 0 1374 0 1653 0 1920 2028 2007 195 1509 2111 2027 2246 1966 2436 1939 1082 2935 1991 2144
1866 0 1690 0 1374 0 1653 0 2064 2028 2007 195 1509 2111 2027 2246 1966 2436 1939 1082 2935 1991 2144
1921 0 1690 0 1334 0 1653 0 2208 2028 2007 195 1509 2111 2027 2246 1966 2436 1939 1082 2935 1991 2144
1969 0 1690 0 1334 0 1653 0 2352 2028 2007 195 1509 2111 2027 2246 1966 2436 1939 1082 2935 1991 2144
2017 0 1690 0 1334 0 1653 0 2496 2028 2007 195 1509 2111 2027 2246 1966 2436 1939 1082 2935 1991 2144
2065 0 1690 0 1334 0 1653 0 2640 2028 2007 195 1509 2111 2027 2246 1966 2436 1939 1082 2935 1991 2144
2259 0 1690 0 1334 0 1653 0 2602 2028 2007 195 1509 2111 2027 2246 1966 2436 1939 1082 2935 1991 2144
2307 0 1690 0 1334 0 1653 0 2458 2028 2007 195 1509 2111 2027 2246 1966 2436 1939 1082 2935 1991 2144
2360 0 1690 0 1295 0 1653 0 2450 2028 2007 195 1509 2111 2027 2246 1966 2436 1939 1082 2935 1991 2144
2507 0 1690 0 1295 0 1605 0 2450 2028 2007 195 1509 2111 2027 2246 1966 2436 1939 1082 2935 1991 2144
2766 0 1690 0 1295 0 1635 0 2402 2028 2007 195 1509 2111 2027 2246 1966 2436 1939 1082 2935 1991 2144
2820 0 1690 0 1295 0 1640 0 2258 2028 2007 195 1509 2111 2027 2246 1966 2436 1939 1082 2935 1991 2144
