# dynamixel ids: 47 37 46 36 44 34 45 35 33 43 31 41 1 2 3 4 21 22 5 6 19 20 
214 0 1690 0 108 0 1021 0 0 2028 2007 195 1509 2111 2027 2246 1966 2436 1939 1082 2935 1991 2144
518 0 1690 0 108 0 1075 0 0 2028 2007 195 1509 2111 2027 2246 1966 2436 1939 1082 2935 1991 2144
1115 0 1690 0 108 0 1128 0 0 2028 2007 195 1509 2111 2027 2246 1966 2436 1939 1082 2935 1991 2144
1369 0 1690 0 108 0 1085 0 0 2028 2007 195 1509 2111 2027 2246 1966 2436 1939 1082 2935 1991 2144
1622 0 1690 0 156 0 1080 0 0 2028 2007 195 1509 2111 2027 2246 1966 2436 1939 1082 2935 1991 2144
1676 0 1690 0 300 0 1128 0 0 2028 2007 195 1509 2111 2027 2246 1966 2436 1939 1082 2935 1991 2144
1730 0 1690 0 444 0 1147 0 0 2028 2007 195 1509 2111 2027 2246 1966 2436 1939 1082 2935 1991 2144
1774 0 1690 0 540 0 1195 0 48 2028 2007 195 1509 2111 2027 2246 1966 2436 1939 1082 2935 1991 2144
1824 0 1690 0 636 0 1291 0 50 2028 2007 195 1509 2111 2027 2246 1966 2436 1939 1082 2935 1991 2144
1874 0 1690 0 732 0 1387 0 98 2028 2007 195 1509 2111 2027 2246 1966 2436 1939 1082 2935 1991 2144
1930 0 1690 0 796 0 1483 0 194 2028 2007 195 1509 2111 2027 2246 1966 2436 1939 1082 2935 1991 2144
1974 0 1690 0 796 0 1560 0 290 2028 2007 195 1509 2111 2027 2246 1966 2436 1939 1082 2935 1991 2144
2028 0 1690 0 836 0 1560 0 434 2028 2007 195 1509 2111 2027 2246 1966 2436 1939 1082 2935 1991 2144
2076 0 1690 0 836 0 1560 0 578 2028 2007 195 1509 2111 2027 2246 1966 2436 1939 1082 2935 1991 2144
2136 0 1690 0 884 0 1512 0 722 2028 2007 195 1509 2111 2027 2246 1966 2436 1939 1082 2935 1991 2144
2180 0 1690 0 886 0 1507 0 818 2028 2007 195 1509 2111 2027 2246 1966 2436 1939 1082 2935 1991 2144
2240 0 1690 0 934 0 1555 0 962 2028 2007 195 1509 2111 2027 2246 1966 2436 1939 1082 2935 1991 2144
2290 0 1690 0 936 0 1651 0 1058 2028 2007 195 1509 2111 2027 2246 1966 2436 1939 1082 2935 1991 2144
2339 0 1690 0 984 0 1747 0 1154 2028 2007 195 1509 2111 2027 2246 1966 2436 1939 1082 2935 1991 2144
2389 0 1690 0 985 0 1843 0 1250 2028 2007 195 1509 2111 2027 2246 1966 2436 1939 1082 2935 1991 2144
2439 0 1690 0 1033 0 1939 0 1346 2028 2007 195 1509 2111 2027 2246 1966 2436 1939 1082 2935 1991 2144
2495 0 1690 0 1105 0 2035 0 1442 2028 2007 195 1509 2111 2027 2246 1966 2436 1939 1082 2935 1991 2144
2545 0 1690 0 1153 0 2053 0 1538 2028 2007 195 1509 2111 2027 2246 1966 2436 1939 1082 2935 1991 2144
2599 0 1690 0 1175 0 2053 0 1682 2028 2007 195 1509 2111 2027 2246 1966 2436 1939 1082 2935 1991 2144
2653 0 1690 0 1175 0 2000 0 1750 2028 2007 195 1509 2111 2027 2246 1966 2436 1939 1082 2935 1991 2144
2776 0 1690 0 1175 0 1952 0 1702 2028 2007 195 1509 2111 2027 2246 1966 2436 1939 1082 2935 1991 2144
2830 0 1690 0 1175 0 1933 0 1558 2028 2007 195 1509 2111 2027 2246 1966 2436 1939 1082 2935 1991 2144
2872 0 1690 0 1135 0 1933 0 1550 2028 2007 195 1509 2111 2027 2246 1966 2436 1939 1082 2935 1991 2144
3019 0 1690 0 1135 0 1885 0 1550 2028 2007 195 1509 2111 2027 2246 1966 2436 1939 1082 2935 1991 2144
3423 0 1690 0 1135 0 1819 0 1550 2028 2007 195 1509 2111 2027 2246 1966 2436 1939 1082 2935 1991 2144
3627 0 1690 0 1135 0 1813 0 1502 2028 2007 195 1509 2111 2027 2246 1966 2436 1939 1082 2935 1991 2144
3675 0 1690 0 1135 0 1813 0 1358 2028 2007 195 1509 2111 2027 2246 1966 2436 1939 1082 2935 1991 2144
