# dynamixel ids: 47 37 46 36 44 34 45 35 33 43 31 41 1 2 3 4 21 22 5 6 19 20 
176 0 1690 0 1225 0 1707 0 1350 2028 2007 195 1509 2111 2027 2246 1966 2436 1939 1082 2935 1991 2144
1431 0 1690 0 1185 0 1707 0 1350 2028 2007 195 1509 2111 2027 2246 1966 2436 1939 1082 2935 1991 2144
1534 0 1690 0 1137 0 1707 0 1302 2028 2007 195 1509 2111 2027 2246 1966 2436 1939 1082 2935 1991 2144
1579 0 1690 0 1041 0 1707 0 1206 2028 2007 195 1509 2111 2027 2246 1966 2436 1939 1082 2935 1991 2144
1624 0 1690 0 945 0 1707 0 1110 2028 2007 195 1509 2111 2027 2246 1966 2436 1939 1082 2935 1991 2144
1680 0 1690 0 849 0 1760 0 1014 2028 2007 195 1509 2111 2027 2246 1966 2436 1939 1082 2935 1991 2144
1724 0 1690 0 753 0 1760 0 918 2028 2007 195 1509 2111 2027 2246 1966 2436 1939 1082 2935 1991 2144
1768 0 1690 0 657 0 1760 0 822 2028 2007 195 1509 2111 2027 2246 1966 2436 1939 1082 2935 1991 2144
1812 0 1690 0 561 0 1760 0 726 2028 2007 195 1509 2111 2027 2246 1966 2436 1939 1082 2935 1991 2144
1856 0 1690 0 465 0 1760 0 630 2028 2007 195 1509 2111 2027 2246 1966 2436 1939 1082 2935 1991 2144
1900 0 1690 0 369 0 1760 0 534 2028 2007 195 1509 2111 2027 2246 1966 2436 1939 1082 2935 1991 2144
1944 0 1690 0 273 0 1760 0 438 2028 2007 195 1509 2111 2027 2246 1966 2436 1939 1082 2935 1991 2144
1987 0 1690 0 177 0 1760 0 342 2028 2007 195 1509 2111 2027 2246 1966 2436 1939 1082 2935 1991 2144
2031 0 1690 0 98 0 1760 0 246 2028 2007 195 1509 2111 2027 2246 1966 2436 1939 1082 2935 1991 2144
2079 0 1690 0 98 0 1760 0 102 2028 2007 195 1509 2111 2027 2246 1966 2436 1939 1082 2935 1991 2144
2127 0 1690 0 98 0 1760 0 0 2028 2007 195 1509 2111 2027 2246 1966 2436 1939 1082 2935 1991 2144
2436 0 1690 0 98 0 1712 0 0 2028 2007 195 1509 2111 2027 2246 1966 2436 1939 1082 2935 1991 2144
