# dynamixel ids: 47 37 46 36 44 34 45 35 33 43 31 41 1 2 3 4 21 22 5 6 19 20 
287 0 2335 0 906 0 2733 0 1402 375 1984 1858 1222 2250 2016 2360 1960 2650 1970 1279 2923 1989 2143
335 0 2335 0 906 0 2733 0 1258 375 1984 1858 1222 2250 2016 2360 1960 2650 1970 1279 2923 1989 2143
1088 0 2335 0 858 0 2733 0 1202 375 1984 1858 1222 2250 2016 2360 1960 2650 1970 1279 2923 1989 2143
1147 0 2335 0 788 0 2733 0 1058 375 1984 1858 1222 2250 2016 2360 1960 2650 1970 1279 2923 1989 2143
1191 0 2335 0 692 0 2733 0 962 375 1984 1858 1222 2250 2016 2360 1960 2650 1970 1279 2923 1989 2143
1235 0 2335 0 596 0 2733 0 866 375 1984 1858 1222 2250 2016 2360 1960 2650 1970 1279 2923 1989 2143
1279 0 2335 0 500 0 2733 0 770 375 1984 1858 1222 2250 2016 2360 1960 2650 1970 1279 2923 1989 2143
1323 0 2335 0 404 0 2733 0 674 375 1984 1858 1222 2250 2016 2360 1960 2650 1970 1279 2923 1989 2143
1379 0 2335 0 308 0 2637 0 578 375 1984 1858 1222 2250 2016 2360 1960 2650 1970 1279 2923 1989 2143
1435 0 2335 0 217 0 2541 0 482 375 1984 1858 1222 2250 2016 2360 1960 2650 1970 1279 2923 1989 2143
1491 0 2335 0 148 0 2445 0 386 375 1984 1858 1222 2250 2016 2360 1960 2650 1970 1279 2923 1989 2143
1535 0 2335 0 148 0 2349 0 290 375 1984 1858 1222 2250 2016 2360 1960 2650 1970 1279 2923 1989 2143
1579 0 2335 0 148 0 2253 0 194 375 1984 1858 1222 2250 2016 2360 1960 2650 1970 1279 2923 1989 2143
1623 0 2335 0 148 0 2157 0 98 375 1984 1858 1222 2250 2016 2360 1960 2650 1970 1279 2923 1989 2143
1667 0 2335 0 148 0 2061 0 2 375 1984 1858 1222 2250 2016 2360 1960 2650 1970 1279 2923 1989 2143
1722 0 2335 0 148 0 1917 0 0 375 1984 1858 1222 2250 2016 2360 1960 2650 1970 1279 2923 1989 2143
1770 0 2335 0 148 0 1773 0 0 375 1984 1858 1222 2250 2016 2360 1960 2650 1970 1279 2923 1989 2143
1818 0 2335 0 148 0 1629 0 0 375 1984 1858 1222 2250 2016 2360 1960 2650 1970 1279 2923 1989 2143
1866 0 2335 0 148 0 1485 0 0 375 1984 1858 1222 2250 2016 2360 1960 2650 1970 1279 2923 1989 2143
1914 0 2335 0 148 0 1341 0 0 375 1984 1858 1222 2250 2016 2360 1960 2650 1970 1279 2923 1989 2143
1962 0 2335 0 148 0 1197 0 0 375 1984 1858 1222 2250 2016 2360 1960 2650 1970 1279 2923 1989 2143
2010 0 2335 0 148 0 1053 0 0 375 1984 1858 1222 2250 2016 2360 1960 2650 1970 1279 2923 1989 2143
2058 0 2335 0 148 0 909 0 0 375 1984 1858 1222 2250 2016 2360 1960 2650 1970 1279 2923 1989 2143
2106 0 2335 0 148 0 800 0 0 375 1984 1858 1222 2250 2016 2360 1960 2650 1970 1279 2923 1989 2143
