# dynamixel ids: 47 37 46 36 44 34 45 35 33 43 31 41 1 2 3 4 21 22 5 6 19 20 
378 0 2335 0 168 0 1261 0 0 375 1984 1858 1222 2250 2016 2360 1960 2650 1970 1279 2923 1989 2143
426 0 2335 0 168 0 1405 0 0 375 1984 1858 1222 2250 2016 2360 1960 2650 1970 1279 2923 1989 2143
473 0 2335 0 168 0 1507 0 0 375 1984 1858 1222 2250 2016 2360 1960 2650 1970 1279 2923 1989 2143
521 0 2335 0 168 0 1651 0 0 375 1984 1858 1222 2250 2016 2360 1960 2650 1970 1279 2923 1989 2143
569 0 2335 0 168 0 1795 0 0 375 1984 1858 1222 2250 2016 2360 1960 2650 1970 1279 2923 1989 2143
617 0 2335 0 168 0 1939 0 0 375 1984 1858 1222 2250 2016 2360 1960 2650 1970 1279 2923 1989 2143
665 0 2335 0 168 0 2083 0 0 375 1984 1858 1222 2250 2016 2360 1960 2650 1970 1279 2923 1989 2143
713 0 2335 0 168 0 2227 0 0 375 1984 1858 1222 2250 2016 2360 1960 2650 1970 1279 2923 1989 2143
761 0 2335 0 168 0 2371 0 0 375 1984 1858 1222 2250 2016 2360 1960 2650 1970 1279 2923 1989 2143
809 0 2335 0 168 0 2515 0 0 375 1984 1858 1222 2250 2016 2360 1960 2650 1970 1279 2923 1989 2143
857 0 2335 0 168 0 2659 0 0 375 1984 1858 1222 2250 2016 2360 1960 2650 1970 1279 2923 1989 2143
905 0 2335 0 168 0 2803 0 0 375 1984 1858 1222 2250 2016 2360 1960 2650 1970 1279 2923 1989 2143
953 0 2335 0 168 0 2947 0 0 375 1984 1858 1222 2250 2016 2360 1960 2650 1970 1279 2923 1989 2143
1001 0 2335 0 168 0 3091 0 0 375 1984 1858 1222 2250 2016 2360 1960 2650 1970 1279 2923 1989 2143
1049 0 2335 0 168 0 3235 0 0 375 1984 1858 1222 2250 2016 2360 1960 2650 1970 1279 2923 1989 2143
1097 0 2335 0 168 0 3379 0 0 375 1984 1858 1222 2250 2016 2360 1960 2650 1970 1279 2923 1989 2143
1381 0 2335 0 168 0 3365 0 0 375 1984 1858 1222 2250 2016 2360 1960 2650 1970 1279 2923 1989 2143
1583 0 2335 0 216 0 3347 0 0 375 1984 1858 1222 2250 2016 2360 1960 2650 1970 1279 2923 1989 2143
1736 0 2335 0 217 0 3347 0 48 375 1984 1858 1222 2250 2016 2360 1960 2650 1970 1279 2923 1989 2143
1847 0 2335 0 265 0 3299 0 148 375 1984 1858 1222 2250 2016 2360 1960 2650 1970 1279 2923 1989 2143
1897 0 2335 0 361 0 3280 0 244 375 1984 1858 1222 2250 2016 2360 1960 2650 1970 1279 2923 1989 2143
1948 0 2335 0 457 0 3280 0 340 375 1984 1858 1222 2250 2016 2360 1960 2650 1970 1279 2923 1989 2143
1992 0 2335 0 553 0 3280 0 436 375 1984 1858 1222 2250 2016 2360 1960 2650 1970 1279 2923 1989 2143
2036 0 2335 0 646 0 3280 0 532 375 1984 1858 1222 2250 2016 2360 1960 2650 1970 1279 2923 1989 2143
2090 0 2335 0 694 0 3280 0 676 375 1984 1858 1222 2250 2016 2360 1960 2650 1970 1279 2923 1989 2143
2140 0 2335 0 746 0 3232 0 772 375 1984 1858 1222 2250 2016 2360 1960 2650 1970 1279 2923 1989 2143
2194 0 2335 0 746 0 3227 0 916 375 1984 1858 1222 2250 2016 2360 1960 2650 1970 1279 2923 1989 2143
2248 0 2335 0 746 0 3179 0 1060 375 1984 1858 1222 2250 2016 2360 1960 2650 1970 1279 2923 1989 2143
2302 0 2335 0 746 0 3173 0 1204 375 1984 1858 1222 2250 2016 2360 1960 2650 1970 1279 2923 1989 2143
2362 0 2335 0 796 0 3173 0 1348 375 1984 1858 1222 2250 2016 2360 1960 2650 1970 1279 2923 1989 2143
2416 0 2335 0 836 0 3173 0 1492 375 1984 1858 1222 2250 2016 2360 1960 2650 1970 1279 2923 1989 2143
2464 0 2335 0 836 0 3173 0 1636 375 1984 1858 1222 2250 2016 2360 1960 2650 1970 1279 2923 1989 2143
2507 0 2335 0 886 0 3173 0 1732 375 1984 1858 1222 2250 2016 2360 1960 2650 1970 1279 2923 1989 2143
2555 0 2335 0 886 0 3173 0 1876 375 1984 1858 1222 2250 2016 2360 1960 2650 1970 1279 2923 1989 2143
2603 0 2335 0 886 0 3173 0 2020 375 1984 1858 1222 2250 2016 2360 1960 2650 1970 1279 2923 1989 2143
2782 0 2335 0 886 0 3173 0 2052 375 1984 1858 1222 2250 2016 2360 1960 2650 1970 1279 2923 1989 2143
2830 0 2335 0 886 0 3173 0 1908 375 1984 1858 1222 2250 2016 2360 1960 2650 1970 1279 2923 1989 2143
3342 0 2335 0 886 0 3125 0 1852 375 1984 1858 1222 2250 2016 2360 1960 2650 1970 1279 2923 1989 2143
3396 0 2335 0 886 0 3107 0 1708 375 1984 1858 1222 2250 2016 2360 1960 2650 1970 1279 2923 1989 2143
4435 0 2335 0 886 0 3107 0 1652 375 1984 1858 1222 2250 2016 2360 1960 2650 1970 1279 2923 1989 2143
4488 0 2335 0 886 0 3059 0 1508 375 1984 1858 1222 2250 2016 2360 1960 2650 1970 1279 2923 1989 2143
