# dynamixel ids: 47 37 46 36 44 34 45 35 33 43 31 41 1 2 3 4 21 22 5 6 19 20 
565 0 3000 0 606 0 2821 0 0 2004 2007 2211 1521 2298 2030 2184 1961 2650 1943 1383 2935 1990 2143
623 0 3000 0 558 0 2819 0 0 2004 2007 2211 1521 2298 2030 2184 1961 2650 1943 1383 2935 1990 2143
667 0 3000 0 477 0 2747 0 0 2004 2007 2211 1521 2298 2030 2184 1961 2650 1943 1383 2935 1990 2143
736 0 2952 0 429 0 2699 0 0 2004 2007 2211 1521 2298 2030 2184 1961 2650 1943 1383 2935 1990 2143
787 0 2856 0 417 0 2627 0 0 2004 2007 2211 1521 2298 2030 2184 1961 2650 1943 1383 2935 1990 2143
831 0 2760 0 369 0 2579 0 0 2004 2007 2211 1521 2298 2030 2184 1961 2650 1943 1383 2935 1990 2143
887 0 2664 0 309 0 2483 0 0 2004 2007 2211 1521 2298 2030 2184 1961 2650 1943 1383 2935 1990 2143
937 0 2568 0 307 0 2387 0 0 2004 2007 2211 1521 2298 2030 2184 1961 2650 1943 1383 2935 1990 2143
980 0 2472 0 307 0 2291 0 0 2004 2007 2211 1521 2298 2030 2184 1961 2650 1943 1383 2935 1990 2143
1025 0 2376 0 307 0 2195 0 0 2004 2007 2211 1521 2298 2030 2184 1961 2650 1943 1383 2935 1990 2143
1068 0 2280 0 307 0 2099 0 0 2004 2007 2211 1521 2298 2030 2184 1961 2650 1943 1383 2935 1990 2143
1112 0 2184 0 307 0 2003 0 0 2004 2007 2211 1521 2298 2030 2184 1961 2650 1943 1383 2935 1990 2143
1168 0 2088 0 211 0 1907 0 0 2004 2007 2211 1521 2298 2030 2184 1961 2650 1943 1383 2935 1990 2143
1218 0 1992 0 207 0 1811 0 0 2004 2007 2211 1521 2298 2030 2184 1961 2650 1943 1383 2935 1990 2143
1262 0 1896 0 207 0 1715 0 0 2004 2007 2211 1521 2298 2030 2184 1961 2650 1943 1383 2935 1990 2143
1306 0 1800 0 207 0 1619 0 0 2004 2007 2211 1521 2298 2030 2184 1961 2650 1943 1383 2935 1990 2143
1350 0 1704 0 207 0 1523 0 0 2004 2007 2211 1521 2298 2030 2184 1961 2650 1943 1383 2935 1990 2143
1394 0 1608 0 207 0 1427 0 0 2004 2007 2211 1521 2298 2030 2184 1961 2650 1943 1383 2935 1990 2143
1438 0 1512 0 207 0 1331 0 0 2004 2007 2211 1521 2298 2030 2184 1961 2650 1943 1383 2935 1990 2143
1482 0 1416 0 207 0 1235 0 0 2004 2007 2211 1521 2298 2030 2184 1961 2650 1943 1383 2935 1990 2143
1527 0 1320 0 207 0 1139 0 0 2004 2007 2211 1521 2298 2030 2184 1961 2650 1943 1383 2935 1990 2143
1571 0 1224 0 207 0 1043 0 0 2004 2007 2211 1521 2298 2030 2184 1961 2650 1943 1383 2935 1990 2143
1615 0 1128 0 207 0 947 0 0 2004 2007 2211 1521 2298 2030 2184 1961 2650 1943 1383 2935 1990 2143
1659 0 1032 0 207 0 851 0 0 2004 2007 2211 1521 2298 2030 2184 1961 2650 1943 1383 2935 1990 2143
1704 0 936 0 207 0 755 0 0 2004 2007 2211 1521 2298 2030 2184 1961 2650 1943 1383 2935 1990 2143
1748 0 840 0 207 0 659 0 0 2004 2007 2211 1521 2298 2030 2184 1961 2650 1943 1383 2935 1990 2143
1792 0 744 0 207 0 563 0 0 2004 2007 2211 1521 2298 2030 2184 1961 2650 1943 1383 2935 1990 2143
1836 0 648 0 159 0 547 0 0 2004 2007 2211 1521 2298 2030 2184 1961 2650 1943 1383 2935 1990 2143
1890 0 504 0 138 0 547 0 0 2004 2007 2211 1521 2298 2030 2184 1961 2650 1943 1383 2935 1990 2143
1938 0 360 0 138 0 547 0 0 2004 2007 2211 1521 2298 2030 2184 1961 2650 1943 1383 2935 1990 2143
1982 0 264 0 90 0 499 0 0 2004 2007 2211 1521 2298 2030 2184 1961 2650 1943 1383 2935 1990 2143
2026 0 168 0 88 0 480 0 0 2004 2007 2211 1521 2298 2030 2184 1961 2650 1943 1383 2935 1990 2143
2074 0 24 0 88 0 480 0 0 2004 2007 2211 1521 2298 2030 2184 1961 2650 1943 1383 2935 1990 2143
2317 0 0 0 88 0 528 0 0 2004 2007 2211 1521 2298 2030 2184 1961 2650 1943 1383 2935 1990 2143
