# dynamixel ids: 47 37 46 36 44 34 45 35 33 43 31 41 1 2 3 4 21 22 5 6 19 20 
806 0 183 0 168 0 1221 0 0 2004 2007 2211 1521 2298 2030 2184 1961 2650 1943 1383 2935 1990 2143
905 0 183 0 168 0 1355 0 0 2004 2007 2211 1521 2298 2030 2184 1961 2650 1943 1383 2935 1990 2143
952 0 231 0 168 0 1408 0 0 2004 2007 2211 1521 2298 2030 2184 1961 2650 1943 1383 2935 1990 2143
1006 0 375 0 168 0 1413 0 0 2004 2007 2211 1521 2298 2030 2184 1961 2650 1943 1383 2935 1990 2143
1054 0 519 0 168 0 1413 0 0 2004 2007 2211 1521 2298 2030 2184 1961 2650 1943 1383 2935 1990 2143
1102 0 663 0 168 0 1413 0 0 2004 2007 2211 1521 2298 2030 2184 1961 2650 1943 1383 2935 1990 2143
1150 0 807 0 168 0 1413 0 0 2004 2007 2211 1521 2298 2030 2184 1961 2650 1943 1383 2935 1990 2143
1210 0 951 0 216 0 1461 0 0 2004 2007 2211 1521 2298 2030 2184 1961 2650 1943 1383 2935 1990 2143
1266 0 1047 0 277 0 1557 0 0 2004 2007 2211 1521 2298 2030 2184 1961 2650 1943 1383 2935 1990 2143
1310 0 1143 0 277 0 1653 0 0 2004 2007 2211 1521 2298 2030 2184 1961 2650 1943 1383 2935 1990 2143
1354 0 1239 0 277 0 1749 0 0 2004 2007 2211 1521 2298 2030 2184 1961 2650 1943 1383 2935 1990 2143
1404 0 1335 0 325 0 1845 0 0 2004 2007 2211 1521 2298 2030 2184 1961 2650 1943 1383 2935 1990 2143
1454 0 1431 0 337 0 1941 0 0 2004 2007 2211 1521 2298 2030 2184 1961 2650 1943 1383 2935 1990 2143
1498 0 1527 0 337 0 2037 0 0 2004 2007 2211 1521 2298 2030 2184 1961 2650 1943 1383 2935 1990 2143
1542 0 1623 0 337 0 2133 0 0 2004 2007 2211 1521 2298 2030 2184 1961 2650 1943 1383 2935 1990 2143
1598 0 1719 0 387 0 2229 0 0 2004 2007 2211 1521 2298 2030 2184 1961 2650 1943 1383 2935 1990 2143
1642 0 1815 0 387 0 2325 0 0 2004 2007 2211 1521 2298 2030 2184 1961 2650 1943 1383 2935 1990 2143
1686 0 1911 0 387 0 2421 0 0 2004 2007 2211 1521 2298 2030 2184 1961 2650 1943 1383 2935 1990 2143
1730 0 2007 0 387 0 2517 0 0 2004 2007 2211 1521 2298 2030 2184 1961 2650 1943 1383 2935 1990 2143
1774 0 2103 0 387 0 2613 0 0 2004 2007 2211 1521 2298 2030 2184 1961 2650 1943 1383 2935 1990 2143
1818 0 2199 0 387 0 2709 0 0 2004 2007 2211 1521 2298 2030 2184 1961 2650 1943 1383 2935 1990 2143
1862 0 2295 0 387 0 2805 0 0 2004 2007 2211 1521 2298 2030 2184 1961 2650 1943 1383 2935 1990 2143
1906 0 2391 0 387 0 2901 0 0 2004 2007 2211 1521 2298 2030 2184 1961 2650 1943 1383 2935 1990 2143
1950 0 2487 0 387 0 2973 0 0 2004 2007 2211 1521 2298 2030 2184 1961 2650 1943 1383 2935 1990 2143
2009 0 2631 0 427 0 3021 0 0 2004 2007 2211 1521 2298 2030 2184 1961 2650 1943 1383 2935 1990 2143
2053 0 2727 0 427 0 3088 0 0 2004 2007 2211 1521 2298 2030 2184 1961 2650 1943 1383 2935 1990 2143
2107 0 2871 0 427 0 3093 0 0 2004 2007 2211 1521 2298 2030 2184 1961 2650 1943 1383 2935 1990 2143
2155 0 3000 0 427 0 3093 0 0 2004 2007 2211 1521 2298 2030 2184 1961 2650 1943 1383 2935 1990 2143
2303 0 3000 0 475 0 3093 0 0 2004 2007 2211 1521 2298 2030 2184 1961 2650 1943 1383 2935 1990 2143
2406 0 3000 0 477 0 3045 0 0 2004 2007 2211 1521 2298 2030 2184 1961 2650 1943 1383 2935 1990 2143
2750 0 3000 0 477 0 2965 0 0 2004 2007 2211 1521 2298 2030 2184 1961 2650 1943 1383 2935 1990 2143
