# dynamixel ids: 47 37 46 36 44 34 45 35 33 43 31 41 1 2 3 4 21 22 5 6 19 20 
1241 0 2557 0 708 0 2827 0 902 375 1984 1858 1222 2250 2016 2360 1960 2650 1970 1279 2923 1989 2143
1285 0 2557 0 612 0 2827 0 806 375 1984 1858 1222 2250 2016 2360 1960 2650 1970 1279 2923 1989 2143
1335 0 2557 0 516 0 2779 0 710 375 1984 1858 1222 2250 2016 2360 1960 2650 1970 1279 2923 1989 2143
1391 0 2557 0 420 0 2683 0 614 375 1984 1858 1222 2250 2016 2360 1960 2650 1970 1279 2923 1989 2143
1441 0 2557 0 324 0 2667 0 518 375 1984 1858 1222 2250 2016 2360 1960 2650 1970 1279 2923 1989 2143
1485 0 2557 0 247 0 2667 0 422 375 1984 1858 1222 2250 2016 2360 1960 2650 1970 1279 2923 1989 2143
1533 0 2557 0 247 0 2667 0 278 375 1984 1858 1222 2250 2016 2360 1960 2650 1970 1279 2923 1989 2143
1581 0 2557 0 247 0 2667 0 134 375 1984 1858 1222 2250 2016 2360 1960 2650 1970 1279 2923 1989 2143
1629 0 2557 0 247 0 2667 0 0 375 1984 1858 1222 2250 2016 2360 1960 2650 1970 1279 2923 1989 2143
