# dynamixel ids: 47 37 46 36 44 34 45 35 33 43 31 41 1 2 3 4 21 22 5 6 19 20 
1371 0 2557 0 168 0 635 0 0 375 1984 1858 1222 2250 2016 2360 1960 2650 1970 1279 2923 1989 2143
1419 0 2557 0 168 0 755 0 0 375 1984 1858 1222 2250 2016 2360 1960 2650 1970 1279 2923 1989 2143
1467 0 2557 0 168 0 899 0 0 375 1984 1858 1222 2250 2016 2360 1960 2650 1970 1279 2923 1989 2143
1515 0 2557 0 168 0 1043 0 0 375 1984 1858 1222 2250 2016 2360 1960 2650 1970 1279 2923 1989 2143
1563 0 2557 0 168 0 1187 0 0 375 1984 1858 1222 2250 2016 2360 1960 2650 1970 1279 2923 1989 2143
1610 0 2557 0 168 0 1331 0 0 375 1984 1858 1222 2250 2016 2360 1960 2650 1970 1279 2923 1989 2143
1658 0 2557 0 168 0 1475 0 0 375 1984 1858 1222 2250 2016 2360 1960 2650 1970 1279 2923 1989 2143
1706 0 2557 0 168 0 1619 0 0 375 1984 1858 1222 2250 2016 2360 1960 2650 1970 1279 2923 1989 2143
1754 0 2557 0 168 0 1763 0 0 375 1984 1858 1222 2250 2016 2360 1960 2650 1970 1279 2923 1989 2143
1802 0 2557 0 168 0 1907 0 0 375 1984 1858 1222 2250 2016 2360 1960 2650 1970 1279 2923 1989 2143
1850 0 2557 0 168 0 2051 0 0 375 1984 1858 1222 2250 2016 2360 1960 2650 1970 1279 2923 1989 2143
1898 0 2557 0 168 0 2195 0 0 375 1984 1858 1222 2250 2016 2360 1960 2650 1970 1279 2923 1989 2143
1946 0 2557 0 168 0 2339 0 0 375 1984 1858 1222 2250 2016 2360 1960 2650 1970 1279 2923 1989 2143
1994 0 2557 0 168 0 2483 0 0 375 1984 1858 1222 2250 2016 2360 1960 2650 1970 1279 2923 1989 2143
2042 0 2557 0 168 0 2627 0 0 375 1984 1858 1222 2250 2016 2360 1960 2650 1970 1279 2923 1989 2143
2090 0 2557 0 168 0 2771 0 0 375 1984 1858 1222 2250 2016 2360 1960 2650 1970 1279 2923 1989 2143
2138 0 2557 0 168 0 2915 0 0 375 1984 1858 1222 2250 2016 2360 1960 2650 1970 1279 2923 1989 2143
2186 0 2557 0 168 0 3059 0 0 375 1984 1858 1222 2250 2016 2360 1960 2650 1970 1279 2923 1989 2143
2234 0 2557 0 168 0 3203 0 0 375 1984 1858 1222 2250 2016 2360 1960 2650 1970 1279 2923 1989 2143
2427 0 2557 0 168 0 3165 0 0 375 1984 1858 1222 2250 2016 2360 1960 2650 1970 1279 2923 1989 2143
2720 0 2557 0 168 0 3112 0 0 375 1984 1858 1222 2250 2016 2360 1960 2650 1970 1279 2923 1989 2143
2980 0 2557 0 216 0 3059 0 0 375 1984 1858 1222 2250 2016 2360 1960 2650 1970 1279 2923 1989 2143
3034 0 2557 0 360 0 3053 0 0 375 1984 1858 1222 2250 2016 2360 1960 2650 1970 1279 2923 1989 2143
3082 0 2557 0 477 0 3053 0 0 375 1984 1858 1222 2250 2016 2360 1960 2650 1970 1279 2923 1989 2143
3176 0 2557 0 517 0 3053 0 48 375 1984 1858 1222 2250 2016 2360 1960 2650 1970 1279 2923 1989 2143
3224 0 2557 0 517 0 3053 0 192 375 1984 1858 1222 2250 2016 2360 1960 2650 1970 1279 2923 1989 2143
3329 0 2557 0 565 0 3053 0 298 375 1984 1858 1222 2250 2016 2360 1960 2650 1970 1279 2923 1989 2143
3395 0 2557 0 624 0 3005 0 442 375 1984 1858 1222 2250 2016 2360 1960 2650 1970 1279 2923 1989 2143
3439 0 2557 0 626 0 3000 0 538 375 1984 1858 1222 2250 2016 2360 1960 2650 1970 1279 2923 1989 2143
3487 0 2557 0 626 0 3000 0 682 375 1984 1858 1222 2250 2016 2360 1960 2650 1970 1279 2923 1989 2143
3535 0 2557 0 626 0 3000 0 826 375 1984 1858 1222 2250 2016 2360 1960 2650 1970 1279 2923 1989 2143
3582 0 2557 0 626 0 3000 0 970 375 1984 1858 1222 2250 2016 2360 1960 2650 1970 1279 2923 1989 2143
3636 0 2557 0 666 0 3000 0 1114 375 1984 1858 1222 2250 2016 2360 1960 2650 1970 1279 2923 1989 2143
3684 0 2557 0 666 0 3000 0 1258 375 1984 1858 1222 2250 2016 2360 1960 2650 1970 1279 2923 1989 2143
3823 0 2557 0 666 0 3000 0 1398 375 1984 1858 1222 2250 2016 2360 1960 2650 1970 1279 2923 1989 2143
3872 0 2557 0 666 0 3000 0 1542 375 1984 1858 1222 2250 2016 2360 1960 2650 1970 1279 2923 1989 2143
3975 0 2557 0 714 0 3000 0 1550 375 1984 1858 1222 2250 2016 2360 1960 2650 1970 1279 2923 1989 2143
4128 0 2557 0 756 0 2952 0 1550 375 1984 1858 1222 2250 2016 2360 1960 2650 1970 1279 2923 1989 2143
4221 0 2557 0 756 0 2933 0 1502 375 1984 1858 1222 2250 2016 2360 1960 2650 1970 1279 2923 1989 2143
4269 0 2557 0 756 0 2933 0 1358 375 1984 1858 1222 2250 2016 2360 1960 2650 1970 1279 2923 1989 2143
4926 0 2557 0 756 0 2933 0 1302 375 1984 1858 1222 2250 2016 2360 1960 2650 1970 1279 2923 1989 2143
4980 0 2557 0 756 0 2885 0 1158 375 1984 1858 1222 2250 2016 2360 1960 2650 1970 1279 2923 1989 2143
