# dynamixel ids: 47 37 46 36 44 34 45 35 33 43 31 41 1 2 3 4 21 22 5 6 19 20 
217 0 1730 0 108 0 1187 0 0 2028 2007 195 1509 2111 2027 2246 1966 2436 1939 1082 2935 1991 2144
2367 0 1730 0 156 0 1187 0 0 2028 2007 195 1509 2111 2027 2246 1966 2436 1939 1082 2935 1991 2144
2620 0 1730 0 236 0 1187 0 0 2028 2007 195 1509 2111 2027 2246 1966 2436 1939 1082 2935 1991 2144
2773 0 1730 0 295 0 1187 0 0 2028 2007 195 1509 2111 2027 2246 1966 2436 1939 1082 2935 1991 2144
2866 0 1730 0 365 0 1187 0 0 2028 2007 195 1509 2111 2027 2246 1966 2436 1939 1082 2935 1991 2144
2981 0 1730 0 465 0 1187 0 48 2028 2007 195 1509 2111 2027 2246 1966 2436 1939 1082 2935 1991 2144
3031 0 1730 0 561 0 1235 0 144 2028 2007 195 1509 2111 2027 2246 1966 2436 1939 1082 2935 1991 2144
3081 0 1730 0 586 0 1331 0 240 2028 2007 195 1509 2111 2027 2246 1966 2436 1939 1082 2935 1991 2144
3131 0 1730 0 634 0 1381 0 336 2028 2007 195 1509 2111 2027 2246 1966 2436 1939 1082 2935 1991 2144
3187 0 1730 0 686 0 1477 0 432 2028 2007 195 1509 2111 2027 2246 1966 2436 1939 1082 2935 1991 2144
3237 0 1730 0 734 0 1573 0 528 2028 2007 195 1509 2111 2027 2246 1966 2436 1939 1082 2935 1991 2144
3287 0 1730 0 736 0 1669 0 624 2028 2007 195 1509 2111 2027 2246 1966 2436 1939 1082 2935 1991 2144
3331 0 1730 0 736 0 1765 0 720 2028 2007 195 1509 2111 2027 2246 1966 2436 1939 1082 2935 1991 2144
3375 0 1730 0 736 0 1861 0 816 2028 2007 195 1509 2111 2027 2246 1966 2436 1939 1082 2935 1991 2144
3419 0 1730 0 736 0 1957 0 912 2028 2007 195 1509 2111 2027 2246 1966 2436 1939 1082 2935 1991 2144
3463 0 1730 0 736 0 2053 0 1008 2028 2007 195 1509 2111 2027 2246 1966 2436 1939 1082 2935 1991 2144
3507 0 1730 0 736 0 2149 0 1104 2028 2007 195 1509 2111 2027 2246 1966 2436 1939 1082 2935 1991 2144
3563 0 1730 0 832 0 2245 0 1200 2028 2007 195 1509 2111 2027 2246 1966 2436 1939 1082 2935 1991 2144
3612 0 1730 0 846 0 2341 0 1296 2028 2007 195 1509 2111 2027 2246 1966 2436 1939 1082 2935 1991 2144
3668 0 1730 0 936 0 2413 0 1392 2028 2007 195 1509 2111 2027 2246 1966 2436 1939 1082 2935 1991 2144
3716 0 1730 0 936 0 2413 0 1536 2028 2007 195 1509 2111 2027 2246 1966 2436 1939 1082 2935 1991 2144
3764 0 1730 0 936 0 2413 0 1680 2028 2007 195 1509 2111 2027 2246 1966 2436 1939 1082 2935 1991 2144
3812 0 1730 0 936 0 2413 0 1824 2028 2007 195 1509 2111 2027 2246 1966 2436 1939 1082 2935 1991 2144
3860 0 1730 0 936 0 2413 0 1700 2028 2007 195 1509 2111 2027 2246 1966 2436 1939 1082 2935 1991 2144
3918 0 1730 0 888 0 2467 0 1700 2028 2007 195 1509 2111 2027 2246 1966 2436 1939 1082 2935 1991 2144
4122 0 1730 0 886 0 2419 0 1700 2028 2007 195 1509 2111 2027 2246 1966 2436 1939 1082 2935 1991 2144
4227 0 1730 0 886 0 2285 0 1652 2028 2007 195 1509 2111 2027 2246 1966 2436 1939 1082 2935 1991 2144
4287 0 1730 0 846 0 2280 0 1508 2028 2007 195 1509 2111 2027 2246 1966 2436 1939 1082 2935 1991 2144
4621 0 1730 0 846 0 2232 0 1500 2028 2007 195 1509 2111 2027 2246 1966 2436 1939 1082 2935 1991 2144
