# dynamixel ids: 47 37 46 36 44 34 45 35 33 43 31 41 1 2 3 4 21 22 5 6 19 20 
876 0 1730 0 1033 0 2072 0 1300 2028 2007 195 1509 2111 2027 2246 1966 2436 1939 1082 2935 1991 2144
1675 0 1730 0 987 0 2067 0 1252 2028 2007 195 1509 2111 2027 2246 1966 2436 1939 1082 2935 1991 2144
1719 0 1730 0 891 0 2067 0 1156 2028 2007 195 1509 2111 2027 2246 1966 2436 1939 1082 2935 1991 2144
1763 0 1730 0 795 0 2067 0 1060 2028 2007 195 1509 2111 2027 2246 1966 2436 1939 1082 2935 1991 2144
1807 0 1730 0 699 0 2067 0 964 2028 2007 195 1509 2111 2027 2246 1966 2436 1939 1082 2935 1991 2144
1851 0 1730 0 603 0 2067 0 868 2028 2007 195 1509 2111 2027 2246 1966 2436 1939 1082 2935 1991 2144
1895 0 1730 0 507 0 2067 0 772 2028 2007 195 1509 2111 2027 2246 1966 2436 1939 1082 2935 1991 2144
1939 0 1730 0 411 0 2067 0 676 2028 2007 195 1509 2111 2027 2246 1966 2436 1939 1082 2935 1991 2144
1982 0 1730 0 315 0 2067 0 580 2028 2007 195 1509 2111 2027 2246 1966 2436 1939 1082 2935 1991 2144
2026 0 1730 0 219 0 2067 0 484 2028 2007 195 1509 2111 2027 2246 1966 2436 1939 1082 2935 1991 2144
2071 0 1730 0 138 0 2067 0 388 2028 2007 195 1509 2111 2027 2246 1966 2436 1939 1082 2935 1991 2144
2124 0 1730 0 138 0 2019 0 244 2028 2007 195 1509 2111 2027 2246 1966 2436 1939 1082 2935 1991 2144
2184 0 1730 0 138 0 1925 0 100 2028 2007 195 1509 2111 2027 2246 1966 2436 1939 1082 2935 1991 2144
2228 0 1730 0 138 0 1829 0 4 2028 2007 195 1509 2111 2027 2246 1966 2436 1939 1082 2935 1991 2144
2282 0 1730 0 138 0 1685 0 0 2028 2007 195 1509 2111 2027 2246 1966 2436 1939 1082 2935 1991 2144
2330 0 1730 0 138 0 1541 0 0 2028 2007 195 1509 2111 2027 2246 1966 2436 1939 1082 2935 1991 2144
2378 0 1730 0 138 0 1397 0 0 2028 2007 195 1509 2111 2027 2246 1966 2436 1939 1082 2935 1991 2144
2426 0 1730 0 138 0 1253 0 0 2028 2007 195 1509 2111 2027 2246 1966 2436 1939 1082 2935 1991 2144
2474 0 1730 0 138 0 1109 0 0 2028 2007 195 1509 2111 2027 2246 1966 2436 1939 1082 2935 1991 2144
2522 0 1730 0 138 0 965 0 0 2028 2007 195 1509 2111 2027 2246 1966 2436 1939 1082 2935 1991 2144
2570 0 1730 0 138 0 827 0 0 2028 2007 195 1509 2111 2027 2246 1966 2436 1939 1082 2935 1991 2144
2868 0 1730 0 138 0 779 0 0 2028 2007 195 1509 2111 2027 2246 1966 2436 1939 1082 2935 1991 2144
